7.710907776294471436e+11
7.309338135131566162e+11
3.156310942603228149e+11
7.853506137522188721e+11
3.160989355438110962e+11
3.846240486473847046e+11
2.570032595949916382e+11
2.307943759358769836e+11
7.504333387071484375e+11
3.421522858720294189e+10
5.921965738340740967e+11
6.978551680159984131e+11
2.150286520482723083e+11
3.317908982049426270e+11
8.861198051500163269e+10
3.769402372709542847e+11
2.370335159267777100e+11
9.185957444384954834e+11
4.233508326245834961e+11
2.471744447853489990e+11
6.315554515516898193e+11
7.141858597635512695e+11
3.884171886597430420e+11
9.234891249279733887e+11
2.125379374768275757e+11
2.168545646623022461e+11
9.552990491085206299e+11
5.759015797920013428e+11
9.699643289091505127e+11
2.046230468061323242e+11
2.558507181503679504e+11
6.156581857209987793e+11
3.363893957800542603e+11
8.093174582365205078e+11
7.868422686294824219e+11
5.784303848186497803e+11
1.079913870321624298e+11
9.302844988244912109e+11
2.971630077409962158e+11
7.309781708367889404e+11
5.687547397792690430e+11
7.484516104329898682e+11
8.144910348644116211e+11
9.475740181803884277e+11
7.545960836521632080e+11
6.520040686400043945e+11
7.280340301010996094e+11
2.184908456470685730e+11
6.626435185346536865e+11
2.353333937400845032e+11
7.732717971806044922e+11
6.600805875403782959e+11
1.453191306709026489e+11
7.139091971632464600e+11
4.377269480849780884e+11
5.252077726077192993e+11
7.097076750297279053e+11
3.357894812030919189e+11
4.625863501022391968e+11
1.276250264423364868e+11
5.103826085856770020e+11
6.369730082137606201e+11
6.873455947473768311e+11
1.711609399678867798e+11
3.824171032088572388e+11
6.000414433793507385e+10
5.267735631760937500e+11
5.769220223856425476e+10
2.740223034978933716e+11
1.161892495667984009e+11
6.830848126777199707e+11
6.920077515175871582e+11
9.075012631974317627e+11
4.679015973103319702e+11
8.308946940188282471e+11
5.278659493352117310e+11
5.226436918538717651e+10
6.839591936159031982e+11
2.955989814075017090e+11
1.158682053838688354e+11
2.338715236559106445e+11
9.863495670924589844e+11
5.499272282401575928e+11
8.483786128614185791e+11
3.666072494645800018e+10
9.772866503226794434e+10
4.421421093711759033e+11
1.849630560374329224e+11
3.728142303586536255e+11
2.849218350882171021e+11
5.553472056576207275e+11
8.717592039879426270e+11
5.126035215631402588e+10
7.885461917127104492e+11
8.364362976367380371e+11
9.009511173341644287e+11
3.590916784983062134e+11
4.281610767330073853e+11
5.503798831570361328e+11
6.409747084743004150e+11
