8.498497867528717041e+11
5.831629130564046631e+11
9.320254106224253845e+10
6.876856462142908936e+11
4.590515710030963135e+11
6.666215995518100586e+11
5.770370504712066650e+11
7.061253214312847900e+10
1.530296004558194580e+11
1.840918306312707825e+11
9.560244476985258789e+11
1.798517652758493423e+10
6.371519770120839844e+11
4.565584250382406006e+11
2.897900578565417480e+11
3.121426405139367676e+11
3.869809280692005615e+11
7.914582513860423584e+11
6.150398862890021973e+11
2.872381179751708374e+11
4.411114391370045776e+11
7.399071221850988770e+11
6.796065773858040771e+11
9.407401889950615234e+11
3.317106527018378906e+11
1.448958690774462280e+11
2.449826343366329575e+10
8.047224682914506836e+11
9.115393825896260986e+11
3.313300760470608521e+11
8.831414667421396484e+11
2.196130102211228943e+10
1.453556030079002991e+11
8.863472645065227051e+11
3.673103947124174194e+11
8.197126267904158936e+11
5.796871466315637207e+11
3.644919922492083740e+11
5.161108993600124512e+11
8.929697616953250732e+11
1.213336501895626984e+11
5.423592922729716187e+11
6.446582677358439941e+11
7.480778938009248047e+11
4.164102132856420288e+11
5.772947267790686798e+10
3.694376755688498535e+11
1.263478240826980896e+11
6.691319541579903564e+11
7.760182738553284912e+11
6.284195137030284424e+11
5.451148761363345947e+11
4.971052548948056641e+11
3.375235658467017212e+11
1.022627318674990234e+11
9.522421384581870117e+11
2.123686311410397034e+11
4.169837438483988037e+11
3.557828679560440063e+11
4.996661230254042969e+11
4.002334461617802734e+11
6.532025001714256592e+11
2.709511005547178040e+11
8.842551374108382568e+11
1.836957551146583557e+11
4.664235531623836060e+11
2.209150703503106995e+11
2.181444842627427280e+08
3.795605310943920898e+11
4.846873408485516357e+11
5.448340736710196533e+11
5.743243493681468506e+11
3.798688410948743896e+11
7.500696015318748779e+11
8.493729923676390381e+11
9.877798816350010986e+11
4.470970726271162720e+11
3.737710189455343628e+11
9.261264204199090576e+11
7.937735007789870605e+11
4.003341147836955566e+11
1.654877186721832275e+11
1.630338437319005127e+11
9.791084984820595703e+11
1.358043366993276825e+11
2.299369162409797974e+11
8.203499365792913818e+10
6.191247365356069336e+11
3.673485287170770874e+11
7.485657489347208252e+11
5.608715164676855469e+11
8.758663598182624512e+11
6.574673194570964355e+11
9.825146286662352295e+11
6.016387476049078369e+11
7.312414979427170410e+11
1.554483623596225586e+11
7.084637315673948669e+10
7.719235118210324707e+11
9.952904242055106201e+11
