4.417894075529725952e+11
5.559351439490256348e+11
7.314264465980758057e+11
4.549085276484997559e+11
7.293382548004049072e+11
2.168915087077108459e+11
3.672313217853531494e+11
7.545207104883895874e+10
1.781077196849163513e+11
5.099675282379750977e+11
4.409939133838286743e+11
9.745734898637150879e+11
4.717176649621812134e+11
1.050437892686613159e+11
6.698331767058937988e+11
5.613598038827171631e+11
8.930944883937083435e+10
5.701312358467259521e+11
3.899522648569138794e+11
4.596388537771978149e+11
5.272609616788094482e+11
7.976116964041625977e+11
6.967604320909255981e+10
7.610819025071820068e+11
7.361671508171286621e+11
7.243524372505104980e+11
8.006568981477519531e+11
2.868430955164954224e+11
4.747842339511231079e+11
7.660770468435015869e+11
4.345786563815658569e+11
4.211748910993457642e+11
6.697100878282153320e+11
4.856272450127449799e+10
3.051432763237144775e+11
8.318109427164068604e+11
8.325047130301045418e+09
3.462381902416420898e+11
1.985393146091026611e+11
2.135996136983267212e+11
7.100336552753687859e+09
7.786509961528168945e+11
2.201924348720366516e+11
5.607467816728710938e+11
8.038652648873658447e+11
1.396808526456483459e+11
3.088868252659626389e+10
2.084516172322763824e+10
5.186678903939285278e+11
4.022365448472122803e+11
9.117973022313570557e+11
3.268423511423299789e+10
5.654247742499592285e+11
2.672242129932136536e+11
4.451170137443436279e+11
3.114355778208551636e+11
4.931279487527911377e+11
2.865406050914706421e+11
7.076365205754191895e+11
2.105000914840525818e+11
2.770382248310494385e+11
8.527369726216663818e+11
9.728483115574675293e+11
4.107761540271155396e+11
5.959660316842237549e+11
7.176892397209465332e+11
7.271866439833096924e+11
5.364483727748337402e+11
6.039519151228006592e+11
5.277125380389143677e+11
4.730110095719034424e+11
4.467440135489537964e+11
5.601902484845273438e+11
1.949985537786771240e+11
1.073852299446533813e+11
6.261010131798942871e+11
9.934472509062340088e+11
5.193149093675984497e+11
8.744276067286514893e+11
3.677620096454824219e+11
4.847773967815733337e+10
6.112541282827850342e+10
3.726233952829024658e+11
9.900929940199654541e+11
8.564884520368572998e+11
8.134933883472437744e+11
7.962442994358115234e+11
5.354915218661161499e+11
5.824621427248540039e+11
3.472484673571602173e+11
2.766115079314530029e+11
9.040369801664465332e+11
9.738946755239520264e+11
8.701787250252462158e+11
7.628790344628970947e+11
3.224999985857048340e+11
1.889730541397374268e+11
8.886069212423803711e+11
5.480226925250490112e+11
4.039878292770778198e+11
