9.885095005166938477e+11
9.914480451858538818e+11
6.695709947978416748e+11
3.942352861153798828e+11
2.915939967250432129e+11
6.079662090890502930e+11
5.963161297512783203e+11
2.134005802567410278e+11
1.734552258519742432e+11
7.420194901396556396e+11
3.988853199598479004e+11
5.579099814407480469e+11
3.577133698681481934e+11
3.365951769859548340e+11
5.009283093128909302e+11
6.877008324562026367e+11
8.764124216653466797e+11
7.094351161514758301e+10
6.879114519309989014e+11
5.031129326022924805e+11
7.173366122521832275e+11
8.598026885676099854e+11
2.501323346995570068e+11
5.105801175117172241e+11
7.266218617402462158e+11
6.412232425527164307e+11
2.124697350269942093e+10
9.939775464576557617e+11
1.776424908083490601e+11
2.660399609468979492e+11
4.090450065292813110e+11
5.884490625823519287e+11
7.530098320966240234e+11
7.150095828236143799e+11
5.584276994101573486e+11
1.209480745573512115e+11
5.668953562225666504e+11
1.008481564951004639e+11
8.884351397458171387e+11
9.319371684907537842e+11
8.147400539322436523e+11
3.964137875143685913e+11
7.053263549815865479e+11
6.991449414336069336e+11
2.502128579509170227e+11
1.942863587654021606e+11
1.611085516483536987e+11
6.247432872644305420e+11
5.490548139179079590e+11
2.702647884656051941e+11
3.770140672759894409e+11
9.436798011093560791e+11
7.392924575232666016e+10
7.335203441932116699e+11
1.693376744634625854e+11
3.425017917572430420e+11
8.996361756918301392e+10
4.586173783050313721e+11
4.491740023067160645e+11
6.352037564416413879e+10
4.490943484224849854e+11
3.976172780196586914e+11
6.112455006011002197e+11
8.818129760480137939e+11
1.132288693785048828e+11
1.907147717036111145e+11
8.066499434985212402e+11
4.299192182259699097e+11
3.028596251073084717e+11
1.200611218037857819e+11
5.259651524048990479e+11
7.216410590067874756e+11
1.221307830631838226e+11
3.512731801649567261e+11
1.811716664648821640e+10
1.294759308341758575e+11
9.163095313323642578e+11
8.170270987335026855e+11
7.716915753160888672e+11
3.011721707752514038e+11
5.547153486701689453e+11
9.573106950215702820e+10
4.344668855079016724e+11
5.722833468422103271e+11
8.312412261897124023e+11
3.418478383783588867e+11
4.434616568920386353e+11
5.646636342622750244e+11
1.798859486428122559e+11
4.117002352554122314e+11
1.713153118635031433e+11
2.699666346486404114e+11
2.586950046561744308e+10
3.165276350415900269e+11
7.977761957187707520e+11
1.769231365086530457e+11
3.687473285853427124e+10
8.483544368800814209e+11
6.655725356996638184e+11
4.417971732549656982e+11
