5.154808276643084717e+10
5.332889540607010498e+11
5.208715036554335327e+11
9.523875631177319336e+11
1.854271645339409180e+11
9.917961359597322998e+11
7.356583301286442871e+11
9.380704434604090576e+11
2.710196914489801941e+11
1.942135585545093536e+10
7.829464829850045166e+11
1.309846653203773804e+11
8.304409150020554199e+11
8.810173630948588867e+11
1.190782571324327698e+11
3.180441028969756470e+11
5.988461075844743652e+11
7.618673820912403564e+11
6.980617475166848145e+11
4.229956812684421387e+11
6.686143954987144775e+11
3.608201042805993042e+11
6.759224764229278564e+11
1.944092062339267883e+11
8.269590245598793945e+11
5.382100108979223633e+11
7.926802986938432312e+10
4.018987918143282471e+11
9.861262796019020996e+11
9.889311845234307861e+11
1.351987601879421234e+11
7.532645064719125977e+11
7.949750041058092041e+11
9.599028558065371094e+11
6.296585666620031738e+11
3.745940721460553589e+11
8.699572973269617920e+11
7.562622290459886475e+11
6.919826502418974609e+11
5.701385546910820312e+11
7.343507967278453369e+11
9.880086048940969238e+11
1.204024179299585114e+11
8.725038616948543701e+11
4.842768469893100586e+11
4.741227193056679077e+11
8.185322259800981445e+11
6.095606339197801514e+11
3.314795412030513916e+11
6.641274406728226318e+11
6.326023076029025879e+11
2.363300849599940186e+11
8.339143971700695801e+11
2.821302031266592407e+11
5.652103509461453857e+11
8.790398343422683716e+10
1.360161782762063904e+11
1.550497733045093689e+11
5.807912575862193604e+11
5.319844746644910889e+11
4.351004643148708496e+11
1.301872220517705383e+11
4.495318623997947388e+11
9.416045140506398926e+11
6.132192269618352051e+11
3.605028708854450684e+11
8.719895277746126709e+11
7.472290565332839355e+11
9.558393784273133545e+11
6.880015330243262939e+11
1.468214246395315857e+11
8.066411393325981445e+11
2.431374246702413635e+11
8.771842309049310303e+11
3.106863322155177307e+10
4.711429940758378906e+11
7.309714949002973633e+11
4.200687530112538452e+11
1.735901262848706665e+11
1.392125512950834961e+11
7.815303834652357178e+11
9.439126575290700684e+11
9.730084136759541016e+11
1.535879483996418152e+11
2.016349157201883240e+11
9.379449270501228027e+11
7.334357573667687988e+11
4.558804132926353760e+11
4.757036775781680298e+11
4.862200257579379883e+11
7.970356895831890869e+10
3.635714868306229248e+11
8.087352908085758057e+11
2.648183906001707458e+11
9.485148802805581055e+11
7.395411277858458252e+11
9.943938090941433105e+11
1.408551814370930176e+11
8.068059513514583588e+09
3.864878089063981323e+11
