2.253471556368505249e+11
7.354602036074162598e+11
9.547574090774906006e+11
9.998650119403773193e+11
8.441635599602703857e+11
4.290000181544697876e+11
3.577056270427395630e+11
4.276492965779107666e+11
4.260714091549087524e+11
9.394181234533199463e+11
1.659364204828905334e+11
7.591958832724451904e+11
1.863796901038945923e+11
8.690861909798518066e+11
6.749208695613736572e+11
1.376740059606978149e+11
5.265497331597227173e+11
8.310345091400789795e+11
1.623443977506499863e+10
4.782366684942254028e+11
7.898404678896224365e+11
7.552687848495507812e+11
9.146701800905124512e+11
2.348809071714638672e+11
7.130757395546282959e+10
9.843601565055123291e+11
6.056424912294052734e+11
4.865696716662600098e+11
1.289226802717726746e+11
2.668362803704374695e+11
7.064067292076488037e+11
9.675099428508829346e+11
2.916621875512000122e+11
3.962142402859249115e+09
2.272344460268092651e+11
1.060938355281898041e+11
2.392223325484577637e+11
5.734003190056791992e+11
8.449029801139561768e+11
7.256781113578507423e+09
2.092930658313014832e+11
9.567935615178146973e+11
9.714284581389976807e+11
3.993729441539955902e+10
9.797622962409777832e+11
1.367228525153726044e+11
3.240610212122373657e+11
7.727543358669520264e+11
5.937005494823250732e+11
4.998164247077063751e+10
3.121166133810277100e+11
3.253442268728225708e+11
5.569553414920390625e+11
7.215785511642062988e+11
3.060368106448366089e+11
9.047914644094686279e+11
4.781046673337915039e+11
4.901317553446114502e+11
4.245032841698222656e+11
3.108385046097644043e+11
9.462096218170179443e+11
1.210486535289196777e+11
9.363299450271341553e+11
9.082979602577703857e+11
9.999902981572202148e+11
9.199218270908465576e+11
2.773607340681408691e+11
8.031633161093052979e+11
5.922798919931280518e+11
4.412298506512813721e+11
4.630132171551605988e+10
7.193810469248889160e+11
5.826223427413370361e+11
8.376445873963262939e+11
5.941390154401944580e+11
3.295026255272258911e+11
5.698612707895561523e+11
8.637189800930646973e+11
8.980881060241093750e+11
9.000467166744963379e+11
6.694140454454696045e+11
9.882021888082607422e+11
2.593188885427069702e+11
5.200266157621378174e+11
8.458791364588907471e+11
5.034692571042350769e+10
6.294992204699636841e+10
4.661997598695502319e+11
7.579129233001068115e+11
7.710661153463564453e+11
8.948565550793131104e+11
8.831927502205604248e+11
7.969107828121060791e+11
2.722969711860639343e+11
7.286669053522546387e+11
4.088933298498433838e+11
2.173982956210902710e+11
3.602513085339573975e+11
9.757972343217260742e+11
3.522409092997734833e+10
