1.477510619665491333e+11
4.448849457055896606e+11
7.637915261667670898e+11
1.326748260376486969e+11
2.628655177805576172e+11
8.747826756239678955e+11
5.963063826810222168e+11
3.410543395253836060e+11
4.826825912141114502e+11
9.177611110306791992e+11
3.830042254809992676e+11
5.728242719957024384e+10
4.774871666871737671e+11
9.751509758945145264e+11
4.369988961354536133e+11
2.570459866304809570e+11
9.719354016074707031e+11
2.153559854031428833e+11
3.338632617408197021e+11
6.671302461217950439e+11
9.408082468547089844e+11
2.045714743255303040e+11
3.559884200924496460e+10
2.968046292223100586e+11
4.139603911472992706e+10
4.512366496817756348e+11
5.267024182936829224e+11
5.127769103811400757e+11
8.700313794462669678e+11
6.248090574203541260e+11
3.217996363471372070e+11
3.293715005807296753e+11
1.621992450818074036e+11
5.907376139853878174e+11
1.323524158764541931e+11
8.363023388268601074e+11
3.791972136422074585e+11
7.147090982352768555e+11
2.061352613596413879e+11
8.292768054674428711e+11
3.815982943413426208e+10
6.200840907726442871e+11
3.260383482715378418e+11
2.943441162370264816e+10
7.315934892297568359e+11
6.282616532709903564e+11
8.367627944664180908e+11
4.461566233126634521e+11
8.800909483359785156e+11
6.955620743749066162e+11
2.248172066562464714e+09
6.193289570978740234e+11
1.997099310513447571e+11
3.788580993618302002e+11
1.468819859603101196e+11
7.317037781557211914e+11
9.619856260823747559e+11
8.291253251879483643e+11
1.446033266829349365e+11
5.435110404283081665e+11
8.290829107384750977e+11
4.047846597139617310e+11
3.394726096024241257e+10
5.912849380143438721e+11
1.829072035095301208e+11
7.192922020214921875e+11
9.780678697565639648e+11
4.490953637952908325e+11
1.920181892972385254e+11
8.311206154435029297e+11
3.044989749720906982e+11
2.044475090300870972e+11
5.862818165523592529e+11
5.439478067599795532e+11
7.079691854429960938e+11
8.305692000814716797e+11
6.332948373606619873e+11
9.591995594566171875e+11
2.451123718019343872e+11
8.118175259176734619e+11
4.443249020834287720e+11
7.058217602683835449e+11
5.201667184580050049e+11
7.617843235489964600e+11
8.129642134886586914e+11
2.090453636300680237e+11
3.861127724238935547e+11
3.275178681699680786e+11
2.377958138865859070e+11
8.076142299858468018e+11
4.150154544582981567e+11
4.707627120195687866e+11
9.695650474690410156e+11
7.189772198121961670e+11
5.078643972178518066e+11
5.643859638510498047e+11
5.820360737325068359e+11
8.487049289730821533e+11
7.996275834373015137e+11
6.361496561722237396e+10
