5.629829562344483643e+11
3.783639338201871948e+11
7.251668145768652344e+10
9.954185505837341309e+11
8.360118403074495850e+11
8.644110165601508789e+11
9.040909086987550049e+11
2.127718332873816528e+11
5.860193800434499512e+11
6.545443332942366943e+11
9.528796491100098877e+11
5.110922905157373047e+11
7.099574648567949219e+11
7.472812480422712402e+11
6.169087242332960205e+11
9.233891626157603455e+10
1.541282983555344238e+11
9.049259615430185547e+11
7.869153158638100586e+11
7.938107750197558594e+11
6.379910993326676025e+11
4.483864522344806519e+11
6.664350726056155396e+10
2.822060774762435303e+11
6.343711965017039795e+11
4.417398412767146606e+11
5.837929214441191406e+11
6.191117957238234863e+11
4.377702137794616699e+11
2.743960759358064175e+09
4.571153827462830200e+11
8.803347073084864502e+11
9.024780204732723389e+11
3.649098690959047852e+11
5.574942375670906982e+11
6.233806999910358887e+11
1.388749692752023010e+11
9.924523286961221924e+11
6.943147581762075195e+11
7.490599886079685059e+11
4.858201978803891602e+11
7.190123699846162109e+11
7.085272114824859619e+10
6.440378867025979004e+11
7.465791405377515869e+11
4.811896988949824219e+11
5.861202202031152344e+11
3.304522834792868652e+11
7.419674330324267578e+11
3.674253551263840332e+11
1.714339247853945618e+11
6.567993520851113281e+11
1.623380784778443298e+11
5.203585497817033081e+11
7.201771522621060791e+11
3.823588939523967896e+11
4.333479794500637817e+11
6.080394804606081543e+11
2.556385521294956589e+10
5.107514491231416016e+11
6.090807867428748779e+11
5.188018841423790894e+11
2.924363449781706543e+11
3.457618980730637817e+11
9.889780978324218750e+10
5.712828484052539062e+11
7.087086600813693848e+11
2.318018041949282837e+11
1.867716126154128265e+10
5.768639111251783447e+11
3.910863859931129150e+11
9.912832691414312744e+11
9.654855679764747314e+11
7.580648611249130859e+11
2.420603845374582520e+11
4.260014336107147827e+11
4.721783472714568481e+11
5.171740386543734741e+11
4.431485144967061768e+11
2.375013233469892578e+11
2.897317038524785233e+10
2.948327694798928223e+11
8.488237108582598877e+11
7.244219621676820068e+11
9.071098319185264893e+11
4.509160977201401367e+11
3.295885566373558350e+11
8.568347938964569092e+11
4.452461437785169678e+11
8.854892945249365234e+11
1.820245987190145264e+11
1.663242885841286316e+11
3.110153080972442017e+11
6.096787265451278076e+11
1.037033560020110931e+11
5.677769853234383545e+11
9.127195696729155273e+11
8.407243553638043213e+10
1.687721740594939575e+11
2.021715949281271057e+11
