8.983915824582515869e+11
3.232284182455750122e+11
5.024002785024087524e+11
3.841229343553933716e+10
4.107016883600298462e+11
7.116935476294676514e+11
8.009606131678009033e+11
3.656885800708137817e+11
2.833540882022355957e+11
3.046132800698909302e+11
6.098664619186458740e+11
4.972640532442943726e+11
6.045009038521628418e+11
6.141939175610141602e+11
8.306667664805710449e+11
4.575050030996605225e+11
5.062446109082716064e+11
1.401304300713818054e+11
5.728459728713422852e+11
7.162293660258596191e+11
8.011803861383389893e+11
4.707359030587910156e+11
7.858820606762083740e+11
7.144412545862714844e+11
2.689005984566234131e+11
9.440238612267480469e+11
2.944594962645540161e+11
6.411540116106656494e+11
9.639019561771235352e+11
3.448264196015864372e+09
3.258529339189967651e+11
2.488594574862286987e+11
1.419346623912758179e+11
3.630421818661221313e+11
1.745601651154845581e+11
1.117132431055852814e+11
9.867646743202995605e+11
8.298289024832958984e+11
9.361125514464279785e+11
7.330996285757197266e+11
7.767735475500522461e+11
9.136744114164981689e+11
5.036639594240556030e+11
4.147071951759501953e+11
5.935482639437915039e+11
1.422700450843324585e+11
7.039280508000231934e+11
6.766574145105516357e+11
1.241615003657573395e+11
1.420117166325044250e+10
4.825641175140141602e+11
5.428685430029596558e+11
6.843061725081134033e+11
3.978331649370074463e+11
8.431050149908356934e+11
3.292472638990200806e+11
7.161477731309963989e+10
2.499225642092976074e+11
6.902768773988315430e+11
5.534727289944523926e+11
6.435256296191102295e+11
4.258412564587657471e+11
6.501839809731229248e+11
9.818005230902021484e+11
1.134268110440162506e+11
2.631324232593441772e+11
5.567259708433970947e+11
4.820346710991973877e+10
6.335704206923138428e+11
9.292832966234578857e+11
5.074089182501636353e+11
7.728169617344338379e+11
7.717538376368937988e+11
4.725964600656319580e+11
8.277845782235394287e+11
1.984321014247308655e+11
6.879956780937463379e+10
2.718177554326417236e+11
6.522794404073168945e+11
6.187803735440413818e+11
8.714894529289730225e+11
4.017544179581358643e+11
4.772211704379752808e+11
2.736319365831325073e+11
4.981005813840507202e+11
4.829350503137493286e+11
8.571135533106795654e+11
4.793211420999859619e+10
8.868256644731568909e+10
3.027130930220881958e+11
3.165167163397688599e+11
8.461697156215539551e+11
6.733387377926530762e+11
4.447633834063577881e+11
8.031055258998939209e+11
4.644023764516403198e+11
7.694032649271190186e+11
5.367656755318602753e+10
9.737107257542392578e+11
4.949683478887028198e+11
