5.250288394481619263e+11
4.548898644791394653e+11
9.412173546395034790e+10
7.341548144060190430e+11
6.157415570826384277e+11
2.487853697344704590e+11
1.703577470414881897e+11
7.359058660525941162e+11
8.265342087714465332e+11
1.044602915186428070e+11
6.824143290780178223e+11
3.094711322352264404e+11
6.230656243793597412e+10
7.947377827144799805e+11
2.625076232584111328e+11
3.209976760443952026e+11
2.255414013086728210e+11
6.024643904316586914e+11
9.741835199842844238e+11
5.050880447309182739e+11
8.947273054680124512e+11
2.289433517878835144e+11
6.913018261114104004e+11
1.852284740054211731e+11
1.557639574030425110e+11
7.256505434268395996e+10
3.288133718401043701e+11
7.459272804144038391e+10
1.451587936372771835e+10
7.722935543391066895e+11
1.618116254907615356e+11
3.614713560346946411e+11
4.206886599201105347e+11
3.128475489898713379e+11
2.316589331913335266e+11
2.515221686931905212e+11
9.095797429410400391e+10
9.475937595616354980e+11
8.360231355433325195e+10
2.568397878181792450e+10
3.224878906302202759e+11
4.604005207943074341e+11
8.565514128906634521e+11
2.441170042549210510e+11
4.973411247679215088e+11
9.541465254433404541e+11
1.871226152598557129e+11
4.445625604359891968e+11
7.427576516478695068e+11
4.970866978326421509e+11
9.652326317823278809e+11
4.766566000377704468e+11
2.285055271126823425e+11
7.577657974957795410e+11
2.537265864032504883e+11
5.213428896615841675e+11
9.621138584275625000e+11
4.044743561194284058e+11
3.577553169219964600e+11
4.502942197647195435e+11
6.918876191522130127e+11
8.295323014780308838e+11
9.096955825279852295e+11
1.469467694910146790e+11
4.303208401468602295e+11
4.807215233259866333e+11
8.585522465554282227e+11
3.179213721800834961e+11
7.066627606384801025e+11
5.015661928260842285e+11
3.005287102815410767e+11
8.499051720451605225e+11
3.239162884950076294e+11
3.853682391723659668e+11
1.219714577358645477e+11
7.381788013374479980e+11
1.061700035034846687e+10
3.509835432394257202e+11
3.330029510085635376e+11
1.380665197586704102e+11
3.552282995018767090e+11
5.238983307603709717e+11
1.604117512405130310e+11
1.210663580955443115e+11
3.615431779506543579e+11
8.670124137282401123e+11
4.083255663973241577e+11
6.897212941479033203e+11
9.046334029959011230e+11
3.144328687329260864e+11
6.194085665975667725e+11
5.644378810144987488e+10
3.537880284603831177e+11
1.063713707567599640e+11
1.514420847010159607e+11
3.570156216408842163e+11
6.580093275065871582e+11
6.450882271942569580e+11
7.852886701037396240e+10
7.418028666351469727e+11
