5.213299700586766815e+10
1.865439047918606567e+11
3.181485733307761002e+10
1.387585075224831009e+10
8.954525885020620117e+11
1.170743710460345459e+11
6.469207032097994385e+11
4.703851951408953247e+11
9.743849661678375244e+11
9.800123956737969971e+11
5.876400785314311523e+11
4.083163727233515625e+11
4.796689470118370972e+11
4.666236931733519897e+11
8.976751909943432617e+11
1.494608401382501221e+11
3.810959658431234131e+11
5.874244355756707191e+09
5.523385934026453857e+11
8.952355221539656982e+11
3.024394212413972168e+11
9.472915043734553528e+10
3.816127041879125977e+11
4.613412344905847168e+11
6.137301359051397705e+11
3.240542130468029785e+11
3.831038369740961914e+11
2.932224670209272385e+10
3.131717331562130127e+11
3.364295589656003418e+11
8.334025001309602051e+11
1.336026269923482361e+11
9.136061586728065491e+10
3.325399018164506226e+11
1.448594862968293762e+11
7.629483129583469238e+11
2.816732337010924683e+11
4.248392326382403374e+09
2.667865068016826172e+11
8.174615487257778320e+11
4.465746190374313354e+11
8.545473023318070068e+11
4.101883887643458862e+11
1.928703776821577454e+11
9.560832160448116455e+11
5.647856111139377441e+11
7.269483971364456787e+11
8.791534796625517578e+11
3.739835817399239502e+11
9.437781128016854248e+11
9.667648512842982178e+11
4.734258869489818115e+11
3.790375269683245850e+11
4.342755780660111084e+11
7.444003691707199707e+11
4.861476809245926514e+11
5.282618058354139404e+11
2.045546383588212280e+11
2.915074167018431396e+11
5.852725400776427002e+11
2.741711102224549561e+11
4.765067577457926636e+11
3.887910834996361084e+11
1.273065098876943817e+11
9.350678264719420166e+11
5.313830608599071655e+11
4.154999164656336060e+11
6.628683730103444824e+11
2.676989382771445312e+11
5.471299458300883179e+11
2.815787698514154053e+11
2.261325772142851868e+11
2.457128770765799561e+11
9.580857665192937012e+11
3.152628611437667236e+11
9.149089762975581055e+11
4.476883041203284302e+11
2.910400059782946777e+11
5.247501928592567749e+11
4.893450168411218262e+11
2.323541775353291016e+11
7.820608674599586182e+11
6.655867821372115479e+11
3.931846130736856689e+11
9.291258907051693115e+11
8.446341701541624756e+11
6.544992744353140869e+11
8.395159022259083252e+11
4.706457955840563965e+11
9.601216557110013428e+11
1.419474372167120667e+11
9.527002886226418457e+11
4.014701757429943848e+11
9.846804496985053711e+11
1.290214902932157593e+11
7.350972265080177002e+11
3.396161844117114258e+11
4.775578017209100952e+11
6.342617838787136230e+11
4.365913722238450928e+11
