8.839425831217454834e+11
7.708756044759296875e+11
3.280903648871710205e+10
8.798082077539401245e+10
8.367099098245858154e+11
2.908513942646117554e+11
4.047375112301965942e+11
8.718956713514790344e+10
9.661115053407292480e+11
5.275055969833348389e+11
9.709020397928254395e+11
9.664638001393472900e+11
3.422568704823846436e+10
9.733074385651854248e+11
4.070277157158064575e+11
9.890704217014063721e+11
5.670960007092783203e+11
1.043533373457916870e+11
5.135965773322210693e+10
6.606301707819727783e+11
5.458503840495981445e+11
6.558706339455712891e+11
3.245786577882446289e+10
2.045103678044613037e+11
3.920305813019215088e+11
8.276079584265244141e+11
1.495190465675703735e+11
9.837373421204010010e+11
3.705821652067043457e+11
3.650267706155630493e+11
3.746346843318983765e+11
6.903425094045318604e+11
7.306104923741726074e+11
1.093912689772987556e+10
1.449780885415250854e+11
2.301305870000216980e+11
5.866269607488870850e+11
2.266084401205476074e+11
2.140484262552761230e+11
5.928131049065178223e+11
2.041258001776382141e+11
9.816293039331583252e+11
1.210849918728526611e+11
9.984627365153052979e+11
5.734391437506624756e+11
9.410665666846523438e+11
4.958934496699929810e+11
4.638034979993925171e+11
4.078912400942710571e+11
1.367335387529962769e+11
8.430460284269481201e+11
1.464720764342490845e+11
8.952072819382584229e+11
2.878511085608865356e+11
4.771382698692113037e+11
2.465450040173527527e+11
1.178519232182758331e+11
6.372904385892137451e+11
4.698228684987709351e+11
3.846925419515881958e+11
6.363332126699238281e+11
8.372941547042990112e+10
6.399330176029542236e+11
2.774452658359266968e+11
8.487581755798155518e+11
8.727704006742973633e+11
3.745099041002870483e+11
6.099156812175708008e+11
8.636304169937624512e+11
9.414921167461563721e+11
2.311816081395761108e+11
5.586673682228166504e+11
1.218161384899578705e+11
4.062073661213339233e+11
6.364760146107050323e+10
2.486201294262194519e+11
1.425821609587217712e+11
8.694917407398812256e+11
8.409674229770571289e+11
3.520729111948478394e+11
6.652481732208021240e+11
7.053945379567537842e+11
8.169022902421553955e+11
2.876131514668343506e+11
9.133720322337368164e+11
5.698679734556660156e+11
4.396723367417301178e+10
7.599725158476308594e+11
8.619520375333984375e+11
4.189525199066481323e+11
3.514549097054216309e+11
2.540780092317836609e+11
1.404766639298445511e+10
8.816328694909144287e+11
7.419807580392583008e+11
1.805314037642065125e+11
5.481156733205469971e+11
2.708971479940462036e+11
1.367900407417298584e+11
8.424777667688298340e+11
