3.986451522676419067e+11
5.501516119207109375e+11
7.693559331657998047e+11
1.798873632993317261e+11
3.464345123611546021e+11
2.400594984504159546e+11
6.067617629795731201e+11
2.965219311545676041e+10
2.465307611171203308e+11
8.101405745045670166e+11
6.096080655093398438e+11
7.559499920515428467e+11
8.107856652180090332e+11
7.095531966222971191e+11
7.028829890690220947e+11
4.559252297943121948e+11
2.562296865873611450e+11
3.743768611044650269e+11
5.418636245252651978e+11
9.732160005333973389e+11
1.555271121575751343e+11
4.357005037984142456e+11
4.876338522268009033e+11
5.071067545831948242e+11
2.773534231208032227e+11
2.750884437919631958e+11
8.815326819196516113e+11
8.469462169049836426e+11
4.128242611034132690e+11
3.368815943133211670e+11
8.101534671194208984e+11
1.803126440922985229e+11
1.995645820834031982e+11
8.311882314337097168e+11
7.872374211365530396e+10
4.878194136622039795e+11
6.525399090451327515e+10
3.230586610298535156e+11
9.572296409395418701e+11
4.450336685875823975e+11
3.322147360961649170e+11
5.682423758757641602e+10
5.177499745341716919e+11
5.087805580463161011e+11
4.876154129173361206e+11
9.348384756176763916e+11
5.161176672814817505e+11
5.128795733871595459e+11
6.818291959810825195e+11
7.450125850820410156e+11
7.553818508043972778e+10
6.939489407780830078e+11
8.065693490053972168e+11
8.843708242644047852e+11
9.056797286102811279e+11
8.954334829489739990e+11
8.704163972562580566e+11
3.189658349587520142e+11
3.226668474416539307e+11
8.243634065563852539e+11
3.054247894656361084e+11
7.794071491468695068e+11
6.940874710551345825e+09
4.103577792434232178e+11
2.441516737825069275e+11
4.671594958210093994e+11
2.282843834520752563e+11
6.843037920840482178e+11
9.274938573617082520e+11
4.087134810845112305e+11
1.036383843937470055e+10
8.979192153147123718e+10
7.511661907681562500e+11
3.960463245431100464e+11
3.826618811239783325e+11
2.422185609914036560e+11
5.601685622484399414e+11
4.356848371178921509e+11
9.743079606661627197e+11
5.041638980510501099e+11
7.034508539129820251e+10
8.157977572487056885e+11
7.777197075710253906e+11
6.785868507723582764e+11
2.286725699858634338e+11
9.815191173042231445e+11
6.561894590915096436e+11
9.600140579613544922e+11
8.687572054363308105e+11
9.211746777452325439e+11
3.839423375775858765e+11
9.721872675181648254e+10
6.807141042132662354e+11
1.952597517149635010e+11
6.046439642213732910e+11
3.451248533901508179e+11
2.418963475733989868e+11
4.351225281339871216e+11
3.245906758612896118e+11
7.649992312261470947e+11
