4.851799094084109497e+11
2.967732968787927246e+11
9.320534483410574951e+11
2.404346589393982544e+11
6.574632471922785645e+11
7.593257296184999084e+10
7.562454606011751709e+11
9.034381691807968750e+11
4.789231263394857788e+11
3.792374022193905354e+09
4.724438450067107544e+11
3.550635075682047119e+11
9.695691708997821045e+11
9.740193718168176270e+10
4.940990524262391357e+11
3.774330459953024292e+11
8.818807485740164185e+10
4.722485660434727173e+11
3.866033035527269897e+11
1.048783866081197205e+11
1.450396008181135864e+11
7.584722049047750244e+11
5.722698840284039307e+11
8.516346803204782715e+11
9.442181924563586426e+11
5.133345573912252808e+11
9.650976818758537292e+10
4.835303474259730225e+11
8.846404072434270020e+11
7.189838293312095947e+11
4.812704475872237549e+11
7.171691587512215576e+11
9.360707646249700928e+10
1.317095409600299377e+11
3.478603823492608643e+10
9.875278284648984375e+11
7.228188129583471680e+11
5.154793763985933228e+11
3.794412213445006714e+11
4.013211405651990967e+11
9.497380948480960693e+11
4.002241721628609009e+11
7.654357042745924072e+11
1.232331172399886627e+11
5.442322966105928040e+10
2.179501938232917480e+11
3.144377920911218872e+11
2.937429969548538818e+11
3.996853457830753784e+11
5.948711505662143555e+11
7.129854255789550781e+11
4.171182727630125122e+11
6.687149216567548828e+11
4.347051217067372894e+10
7.596298964069310303e+11
9.546738664285206299e+11
4.813668926030077515e+11
9.380389016812160645e+11
5.481437045281675415e+11
2.169478614142379456e+11
4.995084550360291748e+11
7.826759635794356689e+11
2.979214858976766357e+11
6.271693106699116211e+11
3.997168847477307739e+11
7.242333119627171631e+11
5.212877758919368286e+11
6.556764664335522461e+11
5.466962543163939209e+11
2.247273507406155701e+11
9.186195116821068115e+11
3.775205402707376709e+11
4.527801878881376953e+11
9.672599526903656006e+11
2.948382840575850220e+11
1.185130272091899300e+10
2.827170097205872803e+11
4.333032320960016632e+10
3.442239802916967163e+11
9.192193022199277344e+11
5.562956017993829346e+11
9.428090052967893066e+11
7.966582745350238037e+11
4.107440447086993408e+11
9.801484402452058411e+10
3.321856365914557495e+11
6.693873778544758301e+11
3.483991565813732300e+11
2.829834297244530640e+11
5.461772925054415283e+11
1.192964840321165314e+11
6.261690966912346191e+11
8.052664841442860107e+11
5.860323462236535645e+11
3.158275894087942505e+11
8.002005076624321289e+11
2.862393476982737427e+11
2.292216615119830322e+11
5.504417820554295654e+11
4.022809516205254517e+11
