8.900569225512742920e+11
3.783206791481152344e+11
1.425894875763168335e+11
8.225797249921402588e+11
2.787780716314746094e+11
3.760540040176818237e+11
7.952594129521998291e+11
7.742757798763115234e+11
1.658071448141930847e+11
2.052045064943900146e+11
6.857496159637550049e+11
4.872295939149236450e+11
3.446122015318701172e+11
3.865931560401148071e+11
5.462737628070975952e+11
1.068124600268650055e+07
4.251817341669264526e+11
6.941843342617276611e+11
1.044763153219279327e+11
3.821064199206916504e+11
4.437188628184940796e+11
4.882427363932541504e+11
5.044186116957860107e+11
6.266406528687230225e+11
5.270526916829661865e+11
8.109370802181702881e+11
4.963304149034910278e+11
5.976929502395981445e+11
3.595115389051819458e+11
7.590945479875310059e+11
3.055324752247719116e+11
1.861111468301074982e+10
1.555445507381677856e+11
2.483639583344700317e+11
6.594356586796955566e+11
4.314512467630869141e+11
8.341475536061114502e+10
1.356248093811912079e+11
2.791742327390781250e+11
7.365806979142819824e+11
4.193828162341799316e+11
2.423824692237003174e+11
5.939966882768157196e+10
7.983059255476964951e+09
7.070378254536939697e+11
4.714057958693442993e+11
5.119087721049926758e+11
5.128129304784830933e+11
6.019086960807597656e+11
4.635698778628097534e+11
5.134247044792570190e+11
5.228106881880915070e+10
7.512849038771550293e+11
7.330157751443548584e+11
5.444531309941163330e+11
7.200770220080369873e+11
6.167778670142073059e+10
7.363623680764599609e+11
1.434450994262115288e+10
2.226654430539921265e+11
5.555315092376361084e+11
7.750381921487351074e+11
6.870311007513057861e+11
3.620458673162285767e+11
4.907955537471112061e+11
9.066635203539179688e+11
9.373249493708389893e+11
9.999941744934486084e+11
4.738276160509837036e+11
8.620741710081397705e+11
7.053330028470898438e+11
8.183759144138054199e+11
9.790402487432813721e+11
9.911339320583939209e+11
5.915303111213737793e+11
3.488477741026736450e+11
8.365837520482714844e+11
1.769880498988136597e+11
6.898930743076705322e+11
4.629075465536224976e+11
2.620308426288064880e+11
7.114588712455623779e+11
3.121571658109293823e+11
1.729161257802443542e+11
3.506489610524726562e+11
2.316288191893697205e+11
3.413984159050215454e+11
1.456992156587316589e+11
4.984830846944991455e+11
7.564150340122971191e+11
8.236222259825867920e+11
4.580029336580177002e+11
9.587353766072178650e+10
2.772105414392256470e+11
2.946465542617872314e+11
8.777258058631138916e+11
8.452849174894698486e+11
7.696708389440567627e+11
7.692575070989992676e+11
2.839312625303756714e+11
