6.012871144670679474e+10
9.903978897890711670e+11
3.624239077635709229e+11
9.051812978222923584e+11
3.822567750227110596e+11
3.164949879297765503e+11
4.437278389058749390e+11
3.494267663695663452e+11
2.812849044294960327e+11
4.019626424489215088e+11
5.643228181846737061e+11
5.106854633400985107e+11
4.979468674207411499e+11
1.174917193487716484e+10
5.520230572847733154e+11
3.832089835135948486e+11
1.002342200577876282e+11
7.052957185763156738e+11
9.940993287092456055e+10
7.102381786502679443e+11
2.566583812382550659e+11
1.310755639795180969e+11
8.263120849465290527e+11
3.893261982203280640e+11
7.625966431370312500e+11
4.878670140964993286e+11
6.727933276180025635e+11
8.496715388088043213e+11
3.649853918154170532e+11
3.369140066721896973e+11
2.365980750543975830e+11
5.924093462665748291e+11
5.296243490391040039e+11
5.924221804505289307e+11
1.790052787244633484e+11
3.385089981318309326e+11
8.102595926953785706e+10
5.195143392425950317e+11
5.512692607234974365e+11
7.510242399268905029e+11
1.463543732083311157e+11
6.993388332389832764e+11
1.589814867869515991e+11
2.494072171114745789e+11
9.493272160656403809e+11
4.709947452477294312e+11
2.017944893333294983e+11
6.875279335127670288e+10
3.896912505928057861e+11
2.776127134212321167e+11
9.652327248265066528e+10
4.683274224541483765e+11
5.217407837065867920e+11
6.034152179809486084e+11
4.129509973655600586e+11
2.624157728705673523e+11
7.705081705675296631e+11
3.843722459011009521e+11
2.938112418557417603e+11
7.644739356875157471e+11
4.636099037412451172e+10
8.492395489736284180e+11
2.007159878744613647e+11
3.786891024015868530e+11
4.802290135885441895e+11
9.510340544527612305e+11
4.663578165188513184e+11
1.616900468114019470e+11
3.440423075916964722e+11
5.877187775593892822e+11
6.139047674066400146e+11
4.723363420185012207e+11
4.670976487696660767e+11
4.073141141442782593e+11
8.232267511667509460e+10
6.586321797066523438e+11
9.436032613604521484e+11
8.401374200881647949e+11
1.737163807347183228e+10
4.573686927877223511e+11
4.000414002162466431e+11
5.042015258519119873e+11
6.751459910358138275e+10
2.160931515950899963e+11
2.979828673846033325e+11
7.203020805428885498e+11
1.208273233159371338e+11
4.342678561731633911e+11
7.392193145081629639e+11
4.287839610333041992e+11
4.313107450993651123e+11
5.434147246221298828e+11
3.286756523054295654e+11
3.845586312006889648e+11
4.534640041645679932e+11
8.761878067374011230e+11
6.611003328123826904e+11
3.084108632340139160e+11
5.036010668103961792e+11
3.005211177727268677e+11
