7.518415487595686340e+10
5.867832482925043945e+11
3.897787394324370728e+11
9.128452061648455811e+11
2.462569807625238037e+11
2.658545917360530396e+11
1.408560480476058044e+11
1.947102547296282654e+11
4.012237123910798340e+11
3.729826059101087646e+11
3.050008297472381592e+11
2.510525926654373169e+10
3.219455163738846436e+11
3.187822820378776245e+11
3.443514770521469116e+11
2.726249010472732544e+10
9.953960378813391113e+11
5.376524410956835938e+11
7.237889321390257568e+11
9.619320674287177734e+11
5.207083796498037720e+10
7.911901759347264404e+11
2.659394651228555908e+11
6.765388931153549805e+11
1.260926786263672485e+11
8.080456408260480957e+11
2.690214466281171265e+11
7.880164894624613037e+11
7.543448480107587891e+11
9.387226574343803711e+11
5.770472006477534180e+11
9.017590002315894775e+11
1.173251291889520416e+11
7.617045649801396484e+11
4.032033784092465210e+11
5.392529729760270386e+11
1.856634435598672791e+11
9.353354336624028015e+10
7.916073076502890625e+11
4.128381663394280243e+10
9.713172994742832031e+11
6.670646058267847900e+11
6.295279408599007568e+11
4.674238333186168213e+11
1.736266094189345093e+11
4.802652098460596313e+11
4.422891968053441620e+10
5.735943040843768311e+11
6.083926626682241211e+11
9.855453816541414795e+11
6.516676839694194336e+11
7.795739379232380371e+11
1.762576370290997620e+11
8.094358355893347168e+11
7.843896090759429932e+11
6.809481674121042480e+11
1.412363782383146057e+11
5.729337036585041504e+11
1.023580112139899292e+11
5.159314043104537354e+11
6.578424426769958496e+11
6.021737902066973877e+11
4.467066173235178833e+11
1.476284858404662170e+11
3.348860279568873291e+11
8.276223972182539062e+11
6.723926296848953857e+11
8.996522240277705078e+11
8.578123259243481445e+11
4.169431303384786987e+11
3.689649194120764160e+11
2.630631307137457275e+11
5.040288718908073730e+11
9.699723594489436035e+11
7.754946356590814209e+11
1.794640798860083923e+11
7.732159707437636719e+11
8.867208579998566895e+11
3.494005475054523315e+11
7.677624551738040771e+11
6.081271806149595947e+11
3.318846256132948685e+10
2.547326236857286682e+11
4.534270832510200195e+11
5.105910134543282471e+11
5.019781573719033203e+11
4.250685010730388794e+11
9.083231515195120850e+11
6.218234195481614990e+11
9.825280728059000244e+11
9.558455311709426270e+11
9.100879751146423340e+11
8.248413865423043213e+11
7.884409699901419678e+11
9.514794014446043701e+11
7.529492478529519043e+11
5.775181639726126709e+11
5.800405246586212921e+10
4.763240944005169067e+11
3.144305730169177856e+11
