1.928763441969489746e+11
1.403796066643955078e+11
2.192298350570397949e+11
1.976786883843319321e+10
4.919380988391140137e+11
2.797123905053778687e+11
8.907495874513916016e+11
3.385039690832606812e+11
7.782521890874080811e+11
4.181709306337459717e+11
1.495625021374390564e+11
5.033788546892694702e+11
3.526471923255931396e+11
1.081142042526659584e+10
3.644100620607395630e+11
2.936418974925824585e+11
8.709244841981478271e+11
1.050850236522365570e+11
5.700492541110904541e+11
8.025561481645562744e+11
6.000270822603912354e+11
6.675709802535524902e+11
3.010843164666052856e+11
1.473792494757891273e+10
3.499446272864447021e+11
7.237343228546881104e+10
8.310526355036137695e+11
3.796216435694213867e+10
4.417564268845018311e+11
8.143967358986293945e+11
8.046119887055763245e+10
9.537675361253641357e+11
5.524471534211864014e+11
1.686113303682006836e+11
6.900743555147269287e+11
3.031482195507999268e+11
2.524099304374943542e+11
7.220018071027795410e+11
9.202454722524124756e+11
1.311848253848672638e+11
5.064053812882137451e+11
1.456688913276455994e+11
3.792773110901384888e+11
6.223393662307736816e+11
2.695739163955075378e+11
4.887914435269542847e+11
5.548631179489398956e+10
5.837773327678466797e+11
6.196967320319672852e+11
9.487685911807786865e+11
6.034024351712593842e+10
3.469019681919702148e+10
2.727829640975102539e+11
5.361312687798053589e+11
4.021588221940321045e+11
4.630020234503657837e+11
4.437154060630444336e+11
6.014490975113082275e+11
9.882540588942910156e+11
3.546228883675979137e+09
8.145043176267548828e+11
3.761220979837152710e+11
8.905822829430375977e+11
4.655646734808363037e+11
2.520485350929435425e+11
9.790062946746854248e+11
2.530262005247646790e+11
2.524689496062983093e+11
3.407805694417702637e+11
9.605723977513438721e+11
3.904652733863800659e+11
9.080567807622485352e+11
1.797005515908663635e+11
1.630218214646362610e+11
7.959259206069648438e+11
4.608534067507500610e+11
5.593721037548619843e+10
2.960773914575262451e+11
8.332889121617775879e+11
9.357519754166938477e+11
8.890861470591949463e+11
3.510780011819689941e+11
2.818439719025289307e+11
2.499584346755901718e+10
5.328310740585021210e+10
2.614858672496413879e+11
4.890934977371398315e+11
8.342667424276817627e+11
8.258849981726920166e+11
3.627970538459523315e+11
1.131677462242147522e+11
5.926666602366679688e+11
9.566361190567796631e+11
6.689714747431679688e+11
9.548992834299863281e+11
9.956023733097340088e+11
5.789718671812236328e+11
5.885486831335408020e+10
9.770264617608872070e+11
4.592997295770271606e+11
