1.780884414963114319e+11
5.941221993474989014e+11
7.395217328673848877e+11
1.986474346882515259e+11
4.470782330371743164e+11
4.923269908667855263e+09
1.875925379414347458e+10
4.803073861852831268e+10
3.973569045515786133e+11
3.165793689298877563e+11
7.976572524434152222e+10
7.236407498609053955e+11
3.493104525810004272e+11
8.739248454060444336e+11
2.391571033199596558e+11
8.435407388024814453e+11
3.775191840309696045e+11
7.910858353909689941e+11
9.548147705335125732e+11
4.045009081566371460e+11
6.805550972592377663e+09
9.715018902585395508e+11
4.963721996435426636e+11
7.378049981820781250e+11
8.545417436860957031e+11
1.804781376237824707e+11
1.537236887855091858e+11
3.387481871918403931e+11
5.395260999996684570e+11
7.785461212509238281e+11
5.618694694672816162e+11
9.663909468667021484e+11
5.809531973416655273e+11
4.951884579471315308e+11
9.173542953417725830e+11
8.038716466950222168e+11
5.349220083724363403e+11
9.490227912966159668e+11
1.919068610686911011e+11
2.820699338773845825e+11
9.469297168550089111e+11
7.199207723174741211e+11
3.010075173787628784e+11
9.809461462916367188e+11
6.222633206926385498e+11
7.593078934110667725e+11
9.665899961775997925e+10
8.132749516094062500e+11
3.218084546577467041e+11
6.587782718654749756e+11
1.931311734239790649e+11
6.824723611940756836e+11
4.210739143824611816e+11
1.047104228990306549e+11
7.065884009067912598e+11
9.074771999104644775e+11
6.300027479052031250e+11
5.098937099498298645e+09
4.326162911850177002e+11
1.391330127921706963e+10
2.047296489017275391e+11
8.114620176189140625e+11
9.545291486612686768e+11
5.351269405893956909e+11
8.711033289637379150e+11
7.060275230767520752e+11
6.784671002936547852e+11
9.658287396298038330e+11
5.186112563905672607e+11
2.672599361827559662e+10
5.133868123612219849e+11
1.407032638115751343e+11
6.642469302980510254e+11
3.275472589612567139e+11
3.706851667423231201e+11
5.874950526115745850e+11
2.326769683396063232e+11
5.545753114759230957e+11
9.553495553088371582e+11
7.138655873003763428e+11
9.262960901048308105e+11
5.967377491455809326e+11
4.422845741717095947e+11
6.262484497969309082e+11
5.060714672720958252e+11
5.086282754192797852e+11
3.496799077742130737e+11
4.403004003386531982e+11
8.753151694325317383e+11
5.927131949960321045e+11
7.584565823156561279e+11
5.771838940230585938e+11
1.167308857121608124e+11
8.409051274739828491e+10
5.914041570758758545e+11
3.345872574882810669e+11
3.972647886268022461e+11
6.888615395694852295e+11
4.355937040138176880e+11
4.465506509589889526e+11
