6.101561479861328125e+11
8.049542914296141357e+11
3.418665546597692261e+11
2.365523035264106140e+11
6.388672205901329346e+11
6.692848452709455566e+11
4.529014248082537842e+11
4.149108115635780029e+11
2.037629808631229248e+11
6.340414080159116211e+11
7.458239717118190918e+11
5.465599645875528717e+10
7.303439939676152039e+10
6.630565867331809082e+11
5.546623154335484619e+11
5.154308735190626526e+10
4.563928103023303833e+11
7.577815680643874512e+11
7.100557402801895142e+10
4.262961178115815430e+11
7.726096850900957031e+11
2.176785815496695042e+09
5.399907001819757690e+11
1.714766536736372681e+11
7.932313331339075928e+11
6.751396804796807861e+11
6.061011404113936768e+11
4.172922377233371735e+10
5.073163523134365845e+11
8.065312143289831543e+11
4.332614496693316650e+11
2.039111374049327698e+11
4.862739329653972778e+11
9.795485492747628174e+11
9.982251155836235352e+11
6.728708102909390869e+11
3.025837694470765381e+11
6.794904045734093018e+11
4.654207304485827026e+11
2.530264956338904724e+11
5.659028723213221436e+11
2.054527885863470459e+11
4.499626106054684448e+11
7.985090615678209229e+11
6.334535002414566650e+11
2.572702872355637817e+11
4.187275387456169434e+11
7.282919433593626709e+11
2.930287287291649780e+11
8.045658052635552979e+11
5.175380683513344727e+11
5.376752323071564484e+10
9.653401725343962402e+11
7.327212529630898438e+11
7.197057410391258545e+11
2.940233750107418213e+11
2.864984459269818726e+11
1.867854964404938965e+11
8.974966265551132812e+11
9.231457095254398193e+11
6.466813174420534668e+11
6.302348380105937500e+11
1.892289122191548157e+11
6.098294514067554932e+11
9.061599659516705322e+11
9.177724628782572021e+11
7.843068076140864258e+11
7.441602708670642090e+11
3.320941166529885864e+11
5.664451529965240479e+11
3.769605032611543579e+11
9.478150795366354980e+11
3.481070893873737793e+11
4.643469976909664307e+11
4.697196557447981262e+10
8.584068267846636963e+11
7.813179216244492188e+11
7.320474677689443359e+11
5.089763770347962952e+10
5.167278943952899933e+10
8.602285135180834961e+11
9.683457691711290283e+11
3.946902367121193237e+11
9.701245252741412354e+11
6.322311852450283203e+11
5.908588665977656250e+11
7.054699168692344971e+11
3.760076672910952148e+11
7.244678434738094482e+11
4.899383966182396851e+11
8.777543710940194092e+11
3.873976606532935181e+11
2.405752718773698425e+11
4.305870712359102173e+11
6.253045583848685303e+11
3.166426405975045776e+11
2.672419807216830444e+11
2.307151825853187561e+11
8.379764912008531494e+11
1.659239474656822510e+11
