9.127828304071632080e+11
9.319803127938847656e+11
7.064476296228526611e+11
2.058468494601161194e+11
5.226435569425849609e+11
3.683544932350118408e+11
2.438102371901752625e+11
1.653245439517654419e+11
9.553673968441428223e+11
9.651769481051890869e+11
7.917884599504215088e+11
8.065777321856500244e+10
5.497486532798206177e+11
6.476734052934182129e+11
3.286189885067152710e+11
3.906625876591527710e+11
3.696487060447874756e+11
3.266519234442968140e+11
3.018813756933551636e+11
1.496602242809838257e+11
4.907755643902158203e+11
9.793737460277331543e+11
3.536846249767367554e+11
4.282673889517974854e+11
9.250436751604830322e+11
3.345929482158936157e+11
6.166322036257126465e+11
9.348354863978135986e+11
3.057497609034779663e+11
9.317643143228726196e+10
9.927069533850067139e+11
4.816249977427476196e+11
2.531942791160568237e+11
8.758307268894250488e+11
7.872328393429843750e+11
1.641759330508826904e+11
4.068177443804530029e+11
7.869286881462349854e+11
7.242744777840595703e+11
8.915921638510184326e+11
6.226319681947293854e+10
4.327285044038498535e+11
7.784588216497867432e+11
5.426013391915324097e+11
4.698249928863937378e+11
1.604415010878408508e+11
3.601877593839446411e+11
5.760078627027203369e+11
9.557372101502996826e+10
4.773958079424713135e+11
1.535167901857121277e+11
9.680358112174357910e+11
7.451815715625328369e+11
7.421147523905190430e+11
3.346670902362761230e+11
7.827199113316242676e+11
9.482613798611611328e+11
5.825552291830906982e+11
2.736494854338110962e+11
9.435093313267856445e+11
8.877804811158372803e+11
9.454810478242613525e+11
2.559293109492435303e+11
7.475986590153829346e+11
8.492463633017805176e+11
2.059425769001983643e+11
4.866025088963171997e+11
8.150703457758116455e+11
3.330573338293983154e+11
8.887754435725788879e+10
7.551504719613548584e+11
8.637374958530191650e+11
4.348713802058541870e+11
1.989075492387293625e+10
6.518239780570805664e+11
8.886562727660759277e+11
6.495692821688085938e+11
2.044756021803752441e+11
2.496650682164628601e+10
5.597924356879333496e+11
2.741027751429019775e+11
4.273919079907796021e+11
1.089121966460621338e+11
5.737098010783002930e+11
4.595867159534375610e+11
9.765116150916700439e+11
4.424015774454050293e+11
1.035462901930818787e+11
8.441390912585537109e+11
1.807092329722615356e+11
6.020027097183181152e+11
7.152304840250687256e+11
3.207185800102457275e+11
6.108756321314724121e+11
8.137757753301035156e+11
6.093107536010638428e+11
3.726413008216437988e+11
4.256895942893345947e+11
1.056277412793845520e+11
7.840497023349416504e+11
