1.120608108590494843e+11
5.330412552575507202e+11
4.520316978774873047e+11
5.429726055899398193e+11
7.546557734106347656e+11
8.114807367386737061e+11
9.822936597616709900e+10
5.760617116654730225e+11
3.830460442915827637e+11
5.997547261547977295e+11
6.560067571221877441e+11
6.142264147123836670e+11
6.569604467340444946e+10
4.176051128382100830e+11
3.954706270652296143e+11
6.534089762884534912e+11
6.192187037516104736e+11
9.299558246773731689e+11
9.812504077765130615e+11
6.188797881474356689e+11
6.363284672924344482e+11
1.739440195459957581e+11
8.494681352726191406e+11
7.248668183381005859e+11
6.342515920852464294e+10
9.030893840556135254e+11
9.974859960402612305e+10
8.541395188283572388e+10
9.102824486818079834e+11
5.036983612033106079e+11
3.209008204731581421e+11
8.794877610530891113e+11
5.578130872795570068e+11
2.358489877927195435e+11
5.556030910432381592e+11
8.352554342929861450e+10
2.837303080792267919e+08
9.956078902930789795e+11
3.926017089482397461e+11
2.219169457295511475e+11
4.480069328303908081e+11
7.089523140808063965e+11
9.488201661553154297e+11
6.030638622142474365e+11
2.000115986697505493e+11
2.417017743076327133e+10
1.401333228120577087e+11
1.945561397700731201e+11
6.392323037367266846e+11
3.084881875024949341e+11
6.824760162158314209e+11
7.243162649532790527e+11
3.665046227049113770e+11
5.140092962120601807e+11
9.869229322434018555e+11
7.020938184475026855e+11
8.859554752202658691e+11
1.740009576802064896e+10
5.098091617780278320e+11
2.751468001737404633e+10
6.737289851327115479e+11
9.635787460954094238e+11
9.753298830079046631e+11
5.009504564036740723e+11
8.828202645019147949e+11
3.022665821779537354e+11
8.061477352788865967e+11
4.693443645137949829e+11
7.128256442681730957e+11
6.204767465579615479e+11
4.742272587176222229e+10
3.067068225882211914e+11
2.658798197537969666e+11
8.725535122115046387e+11
4.925935326246710205e+11
1.102579541644774933e+11
3.200705819841837158e+11
8.257488044855346680e+11
1.418402708082438660e+11
3.645416951138732910e+11
1.978100964435969543e+10
3.542033834404557495e+11
5.166475194058599243e+11
2.572802941385995178e+11
5.920485141909086914e+11
5.439617233444563293e+10
3.879751572158057251e+11
8.138753141586819458e+10
2.468258238517516785e+11
2.942451881676118164e+11
4.368070513583690186e+11
4.941004406767666016e+11
2.520234850670576477e+11
1.184604240827030754e+10
6.529312633901734619e+11
8.707498845118864441e+10
3.129851960526812744e+11
7.267692889342956543e+11
6.148528593386600342e+11
9.945555313889393311e+11
