7.264705863450509033e+11
8.952222392077722168e+10
8.346173589553304443e+11
2.764594295999254150e+11
1.093883432018046570e+10
1.907307875850381775e+11
9.845032901561121826e+11
2.365761522209371338e+11
1.832889860470147400e+11
2.465558066166506042e+11
8.902947757892487793e+11
5.447525947646857910e+11
5.967016005158813477e+11
6.615716941560656738e+11
1.441321439817557678e+11
6.509309742597004395e+11
7.155273740011597900e+11
7.523344528066774902e+11
2.687674487523714905e+11
9.705661721973548584e+11
3.287070927901968994e+11
8.093286896893311768e+11
6.765258198508601074e+11
7.207934722148256836e+11
6.230069095464321289e+11
2.476474338589194641e+11
6.719197774885292969e+11
5.716022853374573975e+11
6.554021167537564697e+11
3.270795032620401611e+11
9.671580899759890747e+10
9.702985803549459229e+11
4.960458179612158813e+11
9.131317773428558350e+11
3.323034845344551392e+11
3.521782935707672729e+11
4.516303124493052368e+11
4.835034008586566162e+11
1.213405643975076447e+11
3.549944685273962402e+11
1.876867080856498718e+11
1.250131870210070801e+11
1.452315697068122673e+10
6.398010841431417236e+11
3.207145114870590210e+11
6.878472509049119873e+11
7.777214510389526367e+10
2.246086870730723572e+11
3.100447709306829224e+11
6.122721500936171875e+11
5.197004352519455566e+11
5.665441618102164307e+11
9.692603716164102783e+11
2.495425112069444275e+11
9.707554638293399658e+11
4.710059720390682373e+11
8.918659902160589600e+11
1.338055214644541168e+11
1.462529770432228088e+11
2.882155670399484253e+10
1.938726241804535828e+11
2.425295086574390259e+11
6.204190085183305664e+11
5.345529194270883179e+11
4.238165685546914062e+11
2.899053403890049438e+11
3.197318467487766647e+10
3.595126018690544434e+11
7.925497833423173828e+11
5.026869314108191528e+11
1.815498365246955490e+10
3.392758536155449219e+11
2.410799677504904175e+11
2.120944395404973145e+11
7.139491487573209229e+11
9.350583339138192139e+11
9.597873567924718018e+11
2.010113668838236694e+11
4.165455350636693573e+10
8.575054139066949463e+11
6.568663466349439697e+11
3.722491605442328491e+11
1.947010525285979919e+11
6.451786056085952148e+11
5.425258450060936279e+11
9.942235723863403320e+11
5.334755632599780273e+11
2.097605658352743530e+11
4.395358827910204315e+10
5.413103556263380737e+11
4.613131657971898193e+11
3.387763037987052612e+11
1.380738938624925232e+11
1.516194557699023743e+11
9.284735117003256836e+11
1.758797705336483459e+11
1.895494376638130493e+11
2.581220431241730042e+11
5.732848084009904785e+11
3.456100820165117798e+11
