4.056501222800601807e+11
9.184345189254998779e+11
7.710730719418886719e+11
4.931540863802859497e+11
6.208581034223555908e+11
8.540491199837666016e+11
6.132990161732402344e+11
9.387412191145607910e+11
1.860583873680153198e+11
4.440530959572562256e+11
2.022567823526514893e+11
4.272953763890726929e+11
3.371204903662278748e+10
3.737029082063404541e+11
2.167192560500925903e+11
3.184201689404528809e+11
1.552244043687371826e+10
8.073164368573214111e+11
1.272863460735814362e+11
1.593445362573609924e+11
5.555477350201094971e+11
9.452012889513088379e+11
1.464962989126597595e+11
3.635602705650139618e+10
5.575985888699709473e+11
4.564132247928372192e+11
7.899916730220914307e+11
8.666419142359029541e+11
7.387549817638123779e+11
9.666115101227575684e+11
2.179262748799846497e+11
6.456609702512023926e+11
7.239190690380399170e+11
4.059142649029162598e+11
4.183548145902118530e+11
3.099052119224266434e+10
5.670453406127558594e+11
7.630104474608023071e+10
7.035274910024449463e+11
6.062031102926556396e+11
3.184903745356463623e+10
8.536027930646103516e+11
2.343322201885260010e+11
5.851615815244915771e+11
5.339252540087764282e+11
3.587344212070657959e+11
9.913514510927565918e+11
6.068332551641136169e+09
1.496006608106703186e+11
7.074538214049272461e+11
1.108882948804425001e+09
6.990882125684039307e+11
7.210123559533218994e+11
6.649943436451564941e+11
5.208601604336720581e+11
9.061008764173549805e+11
4.528772710106912231e+11
8.426069446505789795e+11
1.501525117889824524e+11
1.645174999414927063e+11
6.395710830199997711e+10
3.540198655037324829e+11
9.154798068899722900e+11
8.463371417487017822e+11
9.743320792932254639e+11
7.507054208470203857e+11
8.724372477333323669e+10
2.723103301723933105e+11
2.658614513872748413e+11
2.582972253999943924e+10
9.799039905823309326e+11
3.166709341483941040e+11
3.599479600831610107e+11
4.371401956479036865e+11
4.486050719191407471e+11
7.612519645091468506e+11
3.612664603071518555e+11
4.879369183641400146e+11
7.895150006698717041e+11
5.367341141155549316e+11
4.257367703897872314e+11
3.094177869742721558e+11
3.726276833371341553e+11
9.715503259657637939e+11
5.810354150117674561e+11
1.426410655446848450e+11
7.954521047066779785e+11
8.826412500879311523e+11
2.539820098126996460e+11
8.013805802715699463e+11
6.332001088784020996e+10
6.885167815362170410e+11
5.061588705972763062e+11
5.487683184913604736e+11
2.858936710591411133e+11
8.008730160674377441e+11
6.397875670681809082e+11
2.114632347213916626e+11
8.880516713942750244e+11
6.921346931068193359e+11
