2.510154491102106018e+11
4.568820666636724854e+11
3.709049729852247925e+11
6.904185706739132080e+11
4.951550263485373688e+10
5.698180217219947510e+11
8.855427910383591309e+11
2.366577247624939880e+11
4.400408073869138184e+11
2.432313681546299133e+11
3.708463019782730713e+11
1.538319734665363770e+11
7.871278394382770996e+11
1.179157707485636444e+11
2.200518676407736588e+10
4.592329777767222290e+11
3.030736282887177734e+11
3.290710548281876831e+11
3.532187985596870117e+11
3.433428084209148560e+11
2.744080168945048523e+11
3.889754610970490112e+11
3.154413311171256638e+10
7.670435292884676514e+11
5.711711155522363281e+11
4.579606102870238647e+11
3.283975616052418213e+11
9.963067012597070312e+11
9.690888446973881836e+11
9.776667663493009033e+11
6.183075105475308838e+11
8.112337201441126709e+11
8.478022133560185547e+11
6.140355247549260254e+11
6.768417334642554932e+11
1.067212091867710724e+11
8.425165563059208984e+11
7.275350616775162354e+11
9.523889762815740967e+11
7.809875025331668701e+11
4.776818993670580444e+11
8.048948043641649170e+11
8.497367375593388672e+11
5.446200863338583374e+11
8.839528050228439941e+11
9.365182245590284424e+11
8.295166771508589172e+10
2.855614502361605225e+11
1.609679471022561951e+11
2.873208953796177368e+11
1.641334371554444580e+11
2.226235544556398621e+11
3.616715119741414185e+11
3.982940676975841064e+11
7.337909799580887451e+11
4.777690082700003052e+11
8.769988323657448730e+11
9.041085574575548096e+11
4.799031443327967529e+11
9.701224110065025635e+11
5.000699107221439209e+11
6.271507579176259766e+11
9.162818209694932556e+10
9.295538210517386475e+11
4.000121810930493774e+11
1.351805057250559616e+10
2.143719760356071167e+11
2.378440929383239746e+11
6.019869122192986488e+09
1.836877843893004150e+11
3.233531104251467896e+11
7.335177113598814697e+11
1.312697733481378174e+11
7.908652439601191406e+11
5.924032477653132324e+11
7.377389056895187988e+11
4.635803179965784912e+11
4.547002030243971558e+11
7.969583003712897949e+11
5.869490020467464600e+11
9.720757552378559570e+11
5.844194794485090332e+11
9.854339178928465576e+11
7.118301677822575684e+11
6.091224085141256104e+11
9.429995757312293701e+11
4.180127081662950897e+10
7.835877238178394775e+11
5.571043992463928223e+11
5.387258506765187378e+11
1.348541675014100494e+11
2.931501050976239014e+10
4.835284779513250122e+11
4.985636560937957764e+11
3.287939749613684082e+11
5.440594443250449219e+11
9.427882584196473389e+11
7.704344955913239746e+11
5.419152382252868652e+10
5.943515340064876709e+11
