7.313580791330007324e+11
1.588026432177503662e+11
1.756340234900581055e+11
6.035058619348572540e+10
8.901328043672103271e+11
6.650849253705051270e+11
7.790343257135168457e+11
9.807661955908944092e+11
1.418688787650146790e+11
6.918006912498349609e+11
4.934465893414951782e+11
2.236714075916314697e+11
7.853263079721450195e+11
3.598880599539386597e+11
7.695888554663381348e+11
5.424874628106170044e+11
1.667440267919075012e+11
8.996511854732475586e+11
1.196420222166448364e+11
7.488412024954754639e+11
6.981260179395683594e+11
5.490339882062581177e+11
7.014854191957690430e+11
8.788044573063862305e+11
6.016946356438446045e+11
3.278028695872775269e+11
2.208433447536628418e+11
3.872120314435111694e+11
8.159160628060739136e+10
7.941422226239853516e+11
6.108151603800101318e+11
9.959976929069896240e+11
6.239243745793127441e+11
3.075976831132250366e+11
8.743863054433652344e+11
5.794443006337742920e+11
1.376109521960025597e+10
4.993680229485925293e+11
8.554204147557960205e+11
3.909812475604146576e+10
5.782505371237862549e+11
6.825199871734770966e+10
4.965186220497240601e+11
8.107046451710915527e+11
4.355139799085481567e+11
2.533970475698803406e+11
5.937301707622352295e+11
8.621555484871925049e+11
8.796958575843648682e+11
1.115925004444481087e+10
3.629430861566102905e+11
1.156055342670055847e+11
5.924597226215611572e+11
9.628034740988205566e+11
6.453987206499609375e+11
1.599813129715375366e+11
2.917113391619046631e+11
8.323442308361368408e+11
5.844702699263387451e+11
4.889768727439919434e+11
9.889033887841462402e+11
5.696529384431464844e+11
5.705557468867097168e+11
3.636103408578174438e+11
2.445985649032508240e+11
3.466570431310301514e+11
7.648581204316408691e+11
7.190570672622913818e+11
1.716690858118175049e+11
8.570448305991431885e+11
2.419754817234017334e+11
9.450631243993421631e+11
4.120927044607072754e+11
9.645012347600708008e+11
9.232630620865930176e+11
1.939257342716203613e+11
7.726182590511928711e+11
8.424323367431979980e+11
2.436188949091635437e+11
9.012583704420079041e+10
1.774422308795282593e+11
9.716092275866553955e+11
5.134588789946058960e+11
9.086561699703205566e+11
6.941559799517115784e+10
4.259410943692250977e+11
7.223200359479489746e+11
8.851043890179781494e+11
6.805968935763721924e+11
1.123572369539421997e+11
6.376808396860194092e+11
5.071123080244210205e+11
1.701067665933393555e+11
7.521217657617006836e+11
5.167823822574176025e+11
4.830244798715768433e+11
4.144717796622186890e+11
9.846290957687656250e+11
1.059762611559251404e+11
1.826549896841962585e+11
