5.292452902735146484e+11
2.231817942359581909e+11
8.534955252760775146e+11
9.809959367278738403e+10
6.916263736016875000e+11
9.611369238096002197e+11
2.476479603159408875e+11
2.532337300038321228e+11
4.329731000785341187e+11
1.261880226278907013e+11
1.490919627807685547e+11
5.439928059730505371e+10
9.912224546443068848e+11
7.236231642718551025e+11
4.137777528066301270e+11
9.387365935901334229e+11
5.439028085671791382e+11
5.456748228749890747e+11
7.811000660091043701e+11
7.574078586277060547e+11
9.561343984112155762e+11
3.868218007001618042e+11
1.833637752833544006e+11
1.722805237938286743e+11
1.041078829090838470e+11
7.830790353065301514e+11
6.219769962506905518e+11
3.125301272654804688e+11
5.776311711306724854e+11
4.638403498766788330e+11
5.466875569162932129e+11
3.767802142662741089e+11
9.667704983150625000e+11
5.649822494483476562e+11
7.204043807884677734e+11
8.822997434241501465e+11
4.294901566470049438e+11
8.781780946846174316e+11
1.773607262472048645e+11
3.127334249246104736e+11
3.355487337655854492e+11
3.875394084857647705e+11
3.590166735829664307e+11
9.792793392425686035e+11
8.710645855349744873e+11
3.153981244294178467e+11
6.335313434391628418e+11
6.008580155119151611e+11
4.288698764144016113e+11
7.245067540796331787e+11
3.107280570362318115e+11
8.258522469516663818e+11
3.763077592972383423e+11
6.587053984867108154e+11
5.616937790595482178e+11
4.348282695147839966e+11
6.611415721314388428e+11
3.710054605359834595e+11
1.025869821356581879e+10
9.168697242791014404e+11
3.476026527272084961e+11
6.366644190735895996e+11
5.990833729265483093e+10
3.994317539877713623e+11
4.462270586746419678e+11
9.909238094897108154e+11
1.879907302442812500e+11
5.862002376763693848e+11
4.976413042429349365e+11
6.562584352380153809e+11
9.072041800037573242e+11
2.678265055869776001e+11
1.834190150267966919e+11
5.181195355845396729e+11
5.548611268150402832e+11
3.043622437193160400e+11
1.762702768663520508e+11
8.130108202185758972e+10
2.319963610836052856e+11
6.085504749810295410e+11
4.680510714529726562e+11
9.904573226800247803e+11
8.918409438249304199e+11
4.448785001261317139e+11
9.459109072942462158e+11
3.195864910253786621e+11
5.441618852565029907e+11
3.465150673049891357e+11
6.590752172711694336e+11
2.327294118001296082e+11
4.980193645442382812e+11
9.393761120582049561e+11
5.099095676299389038e+11
6.427021874999760742e+11
4.388022274842711792e+11
7.866436815153916016e+11
3.445599512813789062e+11
3.423970736198016968e+11
9.847662594355941162e+11
4.676947780109264526e+11
