8.785991390226042175e+10
8.977669676974885254e+11
8.955589350907030029e+11
9.471748884955917969e+11
2.314942408199124451e+11
4.652865900243530273e+11
7.893539375810518799e+11
7.894706788952846680e+11
2.283588187877284851e+11
6.382647903460184326e+11
4.669280060206070557e+11
1.954412327614842529e+11
2.911252912024805298e+11
8.818655155378171387e+11
2.253786546810545654e+11
4.442252368030673828e+11
9.779262356427032471e+11
9.286199430062330322e+11
1.512225031600774841e+11
7.812069050655520020e+11
6.685758089219962158e+11
9.997770642721168213e+11
1.831146022084548645e+11
7.850995988604689941e+11
5.189458412580551758e+11
1.287468082729270172e+11
3.182876550972540283e+11
6.751858201665845947e+11
6.401186238415910645e+11
5.047490315874007225e+09
4.716045997532366943e+11
4.948788163259087524e+11
3.216451867885714722e+11
3.571870634118065796e+11
8.035692718094472656e+11
6.514888657612854004e+10
5.304135533160828247e+11
1.880426491015545959e+11
6.300766910752552490e+11
9.413309182592668457e+11
4.562684525474653320e+11
9.586395363118432999e+09
1.603490408025296326e+11
6.641252990480087891e+11
1.631261904260043945e+11
2.819594970829019775e+11
3.361460836522366943e+11
4.537311846376628418e+11
1.724081993523655396e+11
7.823241626833531494e+11
5.994378330408614502e+11
8.271325406022626953e+11
1.161016042435791168e+11
4.652273143918296814e+10
5.159069392154461060e+11
9.619740526203260498e+11
7.926917179802697754e+11
6.085262249695194092e+11
8.653147531648314209e+11
3.084460208938220825e+11
7.511000215289799805e+11
6.715885023849948730e+11
9.129054236184536133e+11
8.474422553636119385e+11
7.589042123017637634e+10
6.872212940248313904e+10
6.635565170878320312e+11
3.239548373641630249e+11
7.032146995280981445e+11
8.030716677909633789e+11
6.585471687137517090e+11
2.664922334838168945e+11
7.649614708528797913e+10
5.925278649014820557e+11
7.422251869214455566e+11
7.884856021460087891e+11
4.624075087807314453e+11
1.039076051784735565e+11
2.599133371842744751e+11
5.062207197124334106e+11
4.880079941231096191e+11
7.855551306479687500e+11
5.129723679979077759e+11
1.908876768037873459e+10
2.957512353335223389e+11
4.705290638683379517e+11
9.049875169829594727e+11
4.362847061942766724e+11
3.812204207886087036e+11
9.836599030491180420e+10
3.205254589520628357e+10
5.325217864421638184e+11
5.574229593045333252e+11
6.998439157207565918e+11
7.949832228373510742e+11
6.450051498938048096e+11
4.689654781080800781e+11
8.266199623647701416e+11
1.177766814938946838e+11
8.788913863765517578e+11
