9.016115418783470459e+11
5.485749824982921753e+11
9.649344917188533936e+11
5.274722893203925781e+11
6.904051525812889404e+11
3.445907243513399048e+11
4.989844608497832642e+11
7.336188719422039795e+11
6.029290144185026855e+11
7.915422017793658447e+11
6.276874282425533447e+11
5.801374217714135742e+11
1.626378988296185608e+11
6.437971688075112305e+11
1.041623212274131927e+11
5.674406099382265625e+11
1.701884699635128174e+11
9.648455054471137695e+11
7.365522469412592773e+11
3.948467561688455200e+11
3.372050352922138062e+11
1.614640290856656799e+11
7.022043776428293457e+11
5.864592448852201080e+10
3.745305062966289673e+11
8.029950522593052979e+11
9.110863267565895996e+11
5.852715682470760498e+11
3.248755800361546021e+11
4.887460613193051758e+11
5.332183126191336060e+11
6.211115950037363281e+11
3.304920850470599976e+11
9.412262905481262207e+11
7.868837677623068848e+11
5.503030228020421143e+11
6.515918807736634827e+10
5.339878795220507812e+11
4.616420208996002808e+11
7.085432255236617432e+11
8.692032394849886475e+11
9.849841055801163330e+11
4.865589234234972534e+11
7.867577226266708984e+11
4.043714065749031982e+11
2.137859174265227051e+11
1.333706191629314575e+11
5.772283588432037354e+11
4.453992301557996368e+10
8.131119988318570557e+11
6.555882295280410156e+11
9.350340842167724609e+11
6.433338087780208740e+11
2.207975130737522278e+11
2.174749432359659729e+11
7.475955013182476807e+11
8.319815726556984863e+11
1.609868311735991516e+11
4.086754509078655396e+11
6.065066892016784668e+11
7.640930802587991943e+11
5.701478442134719238e+11
7.915192239834555664e+11
2.431685296893407593e+11
8.387401733165549316e+11
2.349603749597288513e+11
9.170549517661374512e+11
7.340675398532598877e+11
6.579213071563780518e+11
3.198464264474691162e+11
1.601678895090531006e+11
7.255834265886031494e+11
1.866205501764803162e+11
1.142752665740412712e+10
2.490726255923099976e+11
7.097123589368656006e+11
4.767919041887700195e+11
1.746733202877318420e+11
4.904285988229534149e+10
6.972917503979975586e+11
9.228192735485452271e+10
8.063490964645725098e+11
4.808296410959207764e+11
8.078213759662342529e+11
5.457238579749408722e+10
3.200439495093299561e+11
3.662711335571970215e+11
7.250329179385885620e+10
8.679838565563953857e+11
8.014392018801676025e+11
7.006637299770500488e+11
7.483163203364107666e+11
1.389554493350640564e+11
9.864553390570693359e+11
5.142744968015043945e+11
3.890726792128469238e+11
8.109907491221831055e+11
2.105766303627420349e+11
1.881686344834704590e+11
7.573006253669022217e+11
