2.432029032312853088e+11
2.976352094624473267e+11
4.072350784756765137e+11
2.179733889940887756e+11
1.295670547604922638e+11
7.547307072339980469e+11
9.314998150298698730e+11
7.802349262133131104e+11
3.115772207973330688e+11
9.998977809100255127e+11
6.857306818634718018e+11
8.210360633932441711e+10
8.976894262632031250e+11
3.170796380894678345e+11
3.970070475909337769e+11
3.327872333274371948e+11
7.425169532735742188e+11
7.691007521314417725e+11
8.360728075768206787e+11
4.343130700842138672e+11
9.134191940364215088e+11
5.159209685218485260e+10
5.492526514824880371e+11
4.154539120449729156e+10
7.451852566365856934e+11
2.278786415263448181e+11
2.007957452556124573e+11
7.796987532566071777e+11
9.377296972030739746e+11
5.308280758532469177e+10
4.530944666779759521e+11
7.334559469880679932e+11
8.507927036034189453e+11
3.755432850479882202e+11
7.176257979249538574e+11
8.664932013675367432e+11
6.007478372755823975e+11
7.563589003969064941e+11
8.444341777269072266e+11
5.712431542007983398e+11
5.092253965262460327e+11
9.654283883741553955e+11
1.034512536133804169e+11
1.519882507270857849e+11
2.090908668583525391e+11
9.281776001365989990e+11
9.130514282778372803e+11
3.471291352048737183e+11
3.765671147167520142e+11
1.971697585746707153e+11
9.198330808730786133e+11
6.472514161174056396e+11
9.850824178242976074e+11
5.929267366820319824e+11
1.565295093992300720e+11
2.858862948590603638e+11
3.048863973776661987e+11
1.739194215368984985e+11
6.884998434017053223e+11
6.929673609711229248e+11
9.105501836689726562e+11
9.704361509923011475e+11
5.527565829888940430e+11
4.382426913058454590e+11
3.932079368036745605e+11
3.997251852070245972e+11
4.103089939187050781e+11
8.298187012441320801e+11
3.402377627795947876e+11
2.996674869156160355e+10
4.859497943312205811e+11
6.801345588094899902e+11
7.720167797819957275e+11
3.121170425831421661e+10
5.212647117802727051e+11
8.125796277136882324e+11
8.178317938458377686e+11
9.745049388230476074e+11
5.233587518989345703e+11
6.307062536766324463e+11
5.026016193403216553e+11
5.407959327226687012e+11
3.495705460663673706e+11
1.118721440826992493e+11
7.950905099236384277e+11
6.071665478665675049e+11
5.399012544362999878e+11
2.744389265921934204e+11
6.070517667282611084e+11
7.825652416940360107e+11
7.092573861182115479e+11
4.103841816193793488e+10
7.813954454106397705e+11
5.140657725268997803e+11
3.272294005236679688e+11
1.857076158795562439e+11
7.364938722223049316e+11
8.443011952262460938e+11
7.981526711882383728e+10
1.627298531649371948e+11
