4.581039600801247559e+11
9.895694335524492188e+11
2.188410086111460876e+11
2.973579465748458862e+10
6.671224482510054932e+11
3.882992091692864990e+11
2.562261754282046204e+11
2.682192882253642578e+11
4.542619356478588257e+11
4.241993718461459961e+11
1.393167161021892395e+11
1.694087886597900696e+11
1.864569158862905273e+11
1.072696179863359261e+10
4.136922926273802490e+11
8.789957354572564697e+11
5.032348723383558960e+11
6.166263367029954834e+11
8.059242502644012451e+11
8.853791223504008789e+11
5.511145037455236816e+11
4.989222440971985474e+11
6.381094851022402344e+11
2.274492784795241699e+11
9.318523862034938965e+11
3.015095275513175583e+10
8.233999216528115234e+11
3.036762424825286865e+11
3.747465500851355591e+11
6.987554996627497559e+11
7.471610193511207275e+11
7.364195740378502197e+11
3.843370558030186157e+11
9.349791888293712158e+11
6.913380180295721436e+11
8.161262216456314697e+11
1.203228783924051208e+11
1.707076235233152161e+11
2.620335620644200516e+10
2.287092507148971252e+11
3.085816896889553833e+11
9.044291182850750732e+11
5.888905753671018066e+11
8.208703292720281982e+11
7.474733459796776123e+11
9.149581480291177979e+11
4.841921360185029907e+11
6.456580284484288025e+10
1.839908407432739868e+11
3.194997664387526703e+10
4.685531762057553101e+11
8.901272967109838867e+11
9.262017098112434082e+11
6.363404681612144775e+11
3.178421704274041748e+11
8.864016896264715576e+11
5.906390885873793945e+11
5.912936685768791504e+11
9.317425187841207504e+09
3.234267617179335938e+11
7.995286652403134766e+11
6.830883384160028076e+11
2.925537165824097900e+11
2.117132898634738464e+11
3.986690914076206665e+11
8.911775966526986084e+11
3.152667965433334961e+11
1.153513914454631653e+11
7.506967584817243652e+11
5.447868097294099731e+11
8.665456583749471436e+11
2.580710427884668884e+11
6.102095189202413330e+11
9.047724648791727295e+11
2.742264774610805664e+11
8.377936879822855225e+11
6.734621302634990234e+11
2.769466964731013794e+11
5.380115340037292480e+11
1.424517814714187927e+11
1.176873246880455627e+11
9.710303286811552734e+11
6.696792599433099365e+10
3.414884858930640411e+10
4.882471560365706787e+11
9.341821650435573730e+11
8.098248547494642334e+11
4.287032946758170166e+11
1.111467893392338409e+11
5.782992564489447021e+11
9.824467460683532715e+11
2.454293969943249207e+11
8.432989239656212158e+11
8.157578309065186768e+11
7.906771389285349121e+11
1.011038334248017120e+10
3.344982045756693649e+10
9.176835628748654175e+10
4.165768494012990112e+11
7.078471035373038330e+11
