5.408444796430068359e+11
6.679215214822813721e+11
9.487832058826500244e+11
3.291332459145572510e+11
6.336360023788602295e+11
5.842846972978679199e+11
2.307906020673073425e+11
7.636635696190246582e+11
5.555250849184969482e+11
9.532150308106147461e+11
7.742779085984481201e+11
8.663144577736744385e+11
9.495104927115643311e+11
9.310613892371297607e+11
6.534272466951059570e+11
9.149094555867056885e+11
2.358062854872486877e+10
2.722406196245904541e+11
3.183485670202605591e+11
6.347107074427388000e+10
6.808915286706656494e+11
4.223083793878396606e+11
9.347856624287229004e+11
2.517601107663228149e+11
1.179509227948896942e+11
8.416050575341068115e+11
5.840572402723759766e+11
2.148713697997352905e+11
5.239534532238850708e+11
8.802061594434401855e+11
8.035665255226219482e+11
3.355680306208679810e+11
7.416775270009437256e+11
6.323311827587738037e+11
7.979189730848847656e+11
4.264680346418773193e+11
5.374734747029198456e+10
4.289107741492916870e+11
8.880628923707763672e+11
3.107129809840635986e+11
6.466013842586441650e+11
5.281833712934834595e+11
5.629015888239989014e+11
2.834129474276171875e+11
2.333326866283860779e+11
9.553695107976125488e+11
7.519941161077486572e+11
6.698451455464110107e+11
6.889127529516838379e+11
5.433170792232504883e+11
9.784827805702230453e+09
9.065936826315222168e+11
2.176233716534622498e+11
5.148126038612060547e+10
6.042378263239951172e+11
4.979861029073707275e+11
3.416165285073397217e+11
6.938991144341279297e+11
4.057316022045330200e+11
2.464610691859701233e+11
7.644412748204183350e+11
1.394105104511505127e+09
4.073613130940092773e+11
8.143801883824470215e+11
8.532228968535311279e+11
9.963038141877775879e+11
3.763772854228624268e+11
7.685957120182851562e+11
1.242904225870375671e+11
8.140157344223498535e+11
8.947735818959655762e+11
4.715101923362207642e+11
9.544988172658413086e+11
8.948262151116894531e+11
1.272524184407470703e+10
7.474450490439488525e+11
2.465093174337489014e+11
7.217739294559078369e+11
2.511329375669333496e+11
5.578521653162587891e+11
7.134152028583332520e+11
4.542219720329656372e+11
5.569756505004840088e+11
7.903691654010690918e+11
8.325360772523100586e+11
3.056855226678757324e+11
8.764814132611682129e+11
2.718047410027334290e+11
7.878480613054611816e+11
1.170047246716629333e+11
9.914413403801092529e+11
8.947618010795974121e+11
4.228896027898420410e+11
8.919624488476405334e+10
6.845172759378068848e+11
5.596785599227250671e+10
5.060223902863747559e+11
4.480725098720598755e+11
4.441664036953271484e+11
5.803638205394328308e+10
