1.961415087131981812e+11
6.027768012336779785e+11
4.815838317531638184e+11
9.401650073479953613e+11
3.634009469144814453e+11
6.672588203987971191e+11
6.545216852813244629e+11
4.558258638874584351e+11
8.045446105138391113e+11
1.800243742657386475e+11
6.622212999091851807e+11
1.731598809298940430e+11
2.339081319664694519e+11
4.020463520627134399e+11
8.728080392480274963e+10
5.986129269248358154e+11
2.148562713071544495e+11
2.681944270714937973e+10
9.869779705829799805e+11
3.508053013553444214e+11
1.834152442049439392e+11
2.968898524171865845e+11
8.545605503234533691e+11
1.364687638550005035e+11
4.699834257765290527e+11
9.911733396292899170e+11
1.402140026362740517e+10
2.531384753493176880e+11
7.319570666839411621e+11
9.858639574646365967e+11
3.899661958801567383e+11
8.384889541443704834e+11
5.458426851368364716e+10
8.564244044528121338e+11
9.219896515646291504e+11
2.257026690867246628e+10
1.745659109848129654e+10
9.093348348839372559e+11
2.036539364667059021e+11
9.514613771215782471e+11
3.666991193660059814e+11
4.843447266956704712e+11
1.359231443994757233e+11
8.761069382012120361e+11
1.973735872104046021e+11
2.664058875641086121e+11
4.344887116115426636e+11
5.913622100338256836e+11
6.008202019482470703e+11
3.883532633929629517e+11
4.683350569711602783e+11
9.821768894604321289e+11
7.471921298254991455e+11
3.993002307616622925e+11
5.967259140679604492e+11
7.108357546333488770e+11
9.181279843512536621e+11
7.937710490223369141e+11
3.653227068626672974e+11
9.109639950083975830e+11
5.467749985728948364e+11
1.349699246214182739e+11
3.423436219285692139e+11
8.940828537577968750e+11
2.930213025408393097e+10
1.023553068964381561e+11
8.308104101199957275e+11
9.756622554841969299e+10
2.184702623709116364e+10
9.298064660484836426e+11
9.406198371136051025e+11
7.545491148430841064e+11
8.057846681438289795e+11
3.299888614695751953e+11
8.965926384582170410e+11
1.859666638685577698e+11
6.184578415269816589e+10
9.382060028870594482e+11
6.401427279634533691e+11
7.503909169793746338e+11
7.979815482050588379e+11
7.600730927009011230e+11
1.264635016776227875e+11
3.020533199822949829e+11
1.957444718104911499e+11
5.069506759088632965e+10
4.683475609151174927e+11
5.707109192289351807e+11
2.002749794575697021e+11
1.161854441813083496e+11
7.977458063299342041e+11
8.311907013954364014e+11
9.489318351876396484e+11
9.912694359255699463e+11
8.248907340684277344e+10
1.428290432714830017e+11
8.055297397654196777e+11
4.232525551632001343e+11
6.463199281437288818e+11
1.987547755054281921e+11
