5.822973656924940109e+09
9.957750748141156006e+11
9.644176935465200195e+11
7.386038930315363770e+11
6.041521622994713135e+11
9.086383971355476074e+11
2.595484673007399292e+11
4.063713099297940674e+11
4.114136343371016846e+11
2.686216180830144958e+11
9.758620242857703857e+11
3.765496435236688843e+11
5.218518551203198242e+11
7.189589140677427979e+11
6.287393650673051758e+11
5.435441903716301880e+11
7.091648878933237305e+11
5.522702133336966553e+11
4.074842033043245239e+11
2.195890920314546509e+11
8.402631268743834229e+11
9.110736702128863525e+11
6.619987380577991943e+11
2.587980122360422668e+11
1.663441358145714111e+11
6.755013984812530518e+11
5.092530469764918823e+11
6.399125532656428223e+11
4.094656064054027710e+11
9.132128700426282959e+11
7.628461792062232666e+11
8.814704335208759766e+11
3.571001767014963989e+11
6.000582107841793213e+11
6.486848351462130127e+11
4.357604358097566528e+11
4.880196051252705688e+11
7.675067620758751221e+11
6.415269195478145752e+11
5.320573172376616821e+11
5.156432986874616699e+11
8.096364028886462402e+11
7.191122542525830078e+11
8.968779258842410889e+11
6.109081165828701172e+11
3.752026916868278198e+11
3.932496661698217163e+11
3.613751672718869019e+11
9.149634516607563477e+11
4.129328029990234375e+11
8.753169747222290039e+11
1.082900384337308350e+11
3.609845908482601166e+10
2.377510178988662720e+10
4.217768029665855103e+11
6.436556404044667969e+11
9.645191232027733154e+11
3.372959399280456543e+11
1.395428539134228516e+11
6.895378790989101562e+11
1.294127115667342377e+11
4.940263942769977417e+11
6.868897770291320801e+11
8.877850293484106445e+11
8.720674937668851318e+11
4.992671361627049561e+11
4.267424070567882690e+11
5.467512732804403076e+11
7.736732588006975098e+11
2.948481524595288086e+10
3.445963253276001587e+11
9.540946389981783447e+11
9.142525500268420410e+11
8.134042229902000427e+10
8.366740862062188721e+11
2.246713370744983215e+11
6.341012517076905823e+10
1.618653175778041077e+11
1.503915612893841858e+11
3.978377476292137146e+10
3.765285065645839844e+11
6.874609157565306396e+11
6.151716345027801514e+11
4.194462967238936768e+11
8.945106857982553711e+11
3.944270823680328979e+11
5.800003120273508301e+11
5.660409834617384033e+11
1.370642309350110321e+11
6.703164521880400391e+11
7.147292468561290283e+11
6.937283766179939270e+10
6.989814898978437805e+10
1.903833064919343567e+10
9.898455356431353760e+11
4.256167213128760376e+11
8.256677600941651611e+11
5.479323738042749634e+11
9.976267042022465820e+11
7.991808196232172852e+11
