6.378860893589506531e+10
6.822846616471834717e+11
7.210637838579616699e+11
3.590501190125354004e+11
1.379844848584498405e+10
3.688691600907932739e+11
6.394025362735383301e+11
5.946027443473782959e+11
2.392095509969704590e+11
3.862238711616830444e+11
8.272835137448695068e+11
1.882337725965931091e+11
1.601028337067960205e+11
7.834880173908570862e+10
2.596788920028517532e+10
8.933167190415827637e+11
6.618180476013147736e+10
7.241233990386713867e+11
9.523826067693365479e+11
5.861779541041221924e+11
2.832936166069181519e+11
3.147458474370205078e+11
1.913975055900847473e+11
3.302213816683179321e+11
9.747086182208306885e+11
3.630008523214758911e+11
9.228443525799877930e+10
7.155853182606510010e+11
7.718447802133629150e+11
2.293240483789304504e+11
9.734072520468444824e+10
3.645411779322976685e+11
7.693243679816367188e+11
6.173713799280198975e+11
3.019105584115495605e+11
2.344088319619109344e+10
1.961056035119594727e+11
4.602853639292130737e+11
5.065215344340416870e+11
5.364856105427754517e+11
7.680276500263070068e+11
1.964214883478058167e+11
8.495606379541275635e+11
2.360102127449987183e+11
6.610756756627360840e+11
3.736331019729902344e+11
5.398934973363380737e+11
1.676578387882240601e+11
8.812487090504771729e+11
5.233804980727051392e+11
4.394115888297970581e+11
3.001254579025441895e+11
5.454115112623796997e+11
4.205717587459958496e+11
3.931794345956928101e+11
9.499587166579674072e+11
7.324328354095678711e+11
3.661839442287805176e+11
6.172384363097188721e+11
7.982956524315467529e+11
5.883694521491193848e+11
7.099215542584338379e+11
9.645305161840184021e+10
9.684354767083375244e+11
2.818021037026698608e+11
1.989689096708598938e+11
2.474160617417792969e+11
4.763343462600216675e+11
6.762724955807778320e+11
4.273664452336518555e+11
2.071570642021242371e+11
4.889701913339154053e+11
8.654824951762879639e+11
6.185399262975322266e+11
3.732890134384553223e+11
8.226948318200795898e+11
9.639856274365864563e+10
3.619931619243922119e+11
1.281783476630106964e+11
1.910273559413307495e+11
3.267952055785347900e+11
8.691985198718173828e+11
3.924319730717792511e+10
5.447369835444859009e+11
4.575758706349360962e+11
4.887557247219911499e+11
9.473348865681865234e+11
5.977905707503538818e+11
8.281857744927512207e+11
7.287549438230434570e+11
6.537065159960195312e+11
3.372843977202553101e+11
9.135652450055090332e+10
7.215152756145896912e+10
9.206555622184555664e+11
2.384899855623645630e+11
6.734710108079694824e+11
1.826768908334842529e+11
3.563472784567769623e+10
6.403027198647288818e+11
