1.912826474447774353e+11
7.540841777348903809e+11
6.567863763687194824e+11
9.671385070344127197e+11
7.357752506585480957e+11
8.174312612553133545e+11
1.179550514217481995e+11
7.277170670109986877e+10
9.616537432904217529e+11
8.462892068212368164e+11
3.190642222030286865e+11
3.160266029521848145e+11
2.261925269649157410e+11
4.882732876687973022e+11
9.350545138925625000e+11
9.057976165299922180e+10
7.234737548565631104e+11
8.296507731007839355e+11
7.279416159293854980e+11
7.197368055473006592e+11
1.524152907497493896e+11
3.765527055796215820e+11
9.639751439019293213e+11
9.778850182261866455e+11
1.285367905722214966e+11
3.904230853334710083e+11
3.914089994494056396e+11
6.879375171039873047e+11
4.560352027219966431e+11
6.648647514797232666e+11
5.305978899711746216e+11
8.230756965199691162e+11
4.223287504572100830e+11
1.323596014826607971e+11
1.283192118888068390e+11
5.080505322004934692e+11
3.654894067142168579e+11
5.401419401091925659e+11
4.484998039652610474e+11
5.651075034548294678e+11
8.711979665649655762e+11
3.491753861250357666e+11
5.654246585147800293e+11
2.087323017089257812e+11
6.299914034253499756e+11
5.571432870966842041e+11
4.419085355863849487e+11
5.124698830921158447e+11
5.684268723624384766e+11
7.688496683964243164e+11
5.485791429113256226e+11
6.705969047936374512e+11
5.934758157515812988e+11
9.531403704147620850e+11
7.446332554708640137e+11
3.321278835268794556e+11
8.496707061442491455e+11
1.454523044621697388e+11
6.180322973379375000e+11
7.696481487893159180e+11
5.117929539315882111e+10
2.485427962669812317e+11
3.491445493506452637e+11
4.267493780949488525e+11
9.780878153549941406e+11
5.652478914352989502e+11
7.232177841520751953e+11
2.385170379870905457e+11
1.706815343990664978e+11
1.883574855084388428e+11
8.365763977941383057e+11
6.221961400344019775e+11
9.867681362524880371e+11
7.556869152846383057e+11
6.655159848841385498e+11
6.445726435076809082e+11
8.211506063399007568e+11
2.098132602959825134e+11
5.911724779606597900e+11
5.062612065378845825e+11
4.513763002231567383e+11
4.341930928745918579e+11
7.789784679679301758e+11
2.059913930976041565e+11
1.751597465832160187e+10
3.651985464553890381e+11
5.514097933045247803e+11
5.920795052272030640e+10
8.253430483423627930e+11
4.881036511855750732e+11
2.807640939404665527e+11
7.659893586027128906e+11
6.638185325177695312e+11
8.929570448303178711e+11
9.466893607698223877e+11
1.454006455761234741e+11
6.624776140643969727e+11
9.383222548176850586e+11
8.234538887042388916e+11
2.383736976710375671e+11
