8.335912157228267822e+11
9.837264626784034424e+11
9.800547358416680908e+11
1.616606464343440857e+11
5.676761251757257080e+11
6.926542935521779785e+11
2.266753095246602478e+11
6.059093916654627991e+10
2.751005836386465454e+11
7.656783836461682129e+11
8.347140543948520508e+11
2.721708353843699036e+11
6.428441390777655029e+11
4.455572850693842163e+11
8.060286797389191895e+11
7.558935989332629395e+11
9.598315179996323242e+11
4.907836425998924561e+11
2.686799785606873779e+11
3.019077979886361084e+11
6.146245728504461670e+11
5.938379827738087158e+11
6.972126875147357178e+11
5.579150656605947266e+11
1.467579599389369507e+11
2.929903751823036499e+11
5.831669759062613525e+11
2.150655463978296204e+11
8.400984203195809326e+11
4.250633729871127930e+11
9.065957808810313721e+11
6.346198286964788818e+11
4.465157685848191528e+11
6.410948656460205078e+11
4.287962129729284668e+11
2.379766923935467529e+11
1.066801667908302917e+11
3.379610013537601929e+11
9.023347936066210938e+11
6.528918156626800537e+11
7.628447017236812744e+11
2.989894117751123047e+11
2.259134399026137390e+11
6.811525525934053955e+11
4.678081993965578003e+11
8.393331839459486084e+11
7.827054843535717773e+11
4.411060355211332397e+11
7.140290258328254395e+11
3.227286829301011963e+11
3.382125403527259521e+11
7.851972859509718018e+11
7.233064080169523621e+10
3.760730836031571655e+11
3.343388700157102203e+10
7.777769124261085205e+11
9.049998227863963623e+11
9.140979026564355469e+11
8.408141355047387695e+11
4.803737142830596924e+11
7.391660353371593018e+11
4.600671355514843140e+11
7.436171681423970947e+11
4.088758566260995483e+11
9.562663816333367920e+11
8.496256956413872070e+11
6.736537059716569824e+11
2.203242172449506226e+11
2.982681257343726196e+11
9.262469457430139160e+11
2.815936289898598022e+11
5.437755326249953461e+10
1.611154918637445068e+11
7.680162499923706055e+11
1.338640673704174957e+11
8.395079944208067627e+11
8.920471776065740967e+11
6.238977104696289062e+10
7.211607563332785034e+10
1.066133488201399384e+11
3.920345345581638184e+11
1.190599188664059601e+11
2.478013056385507507e+11
4.018498987696508789e+10
7.309949537573848877e+11
7.981677507698684692e+10
4.805047714375043945e+11
9.424105709508143311e+11
3.565177101087567749e+11
4.232855670314695435e+11
6.676994555365911865e+11
1.376331739260026550e+11
5.862386837143607178e+11
8.404172964780230713e+11
8.614721477069349365e+11
6.547591929698918457e+11
3.133692283970930786e+11
6.988072739292998047e+11
6.495772263754366455e+11
2.718793924691690674e+11
