2.618525630985549316e+11
6.051335525702554932e+11
1.038015444201955414e+11
8.562165459930620117e+11
1.835260220208901978e+11
5.468934734732780151e+11
5.621314836201369629e+11
1.029139864044266357e+11
2.234391608492009583e+11
5.399281425778802490e+11
3.752273158177138672e+11
5.635611368415992432e+11
4.010365869217595825e+11
5.558078898837639160e+11
6.777343037965439453e+11
3.748471303058577881e+11
2.535934275383210449e+11
9.131783988517650146e+11
6.057447626232878418e+11
1.407496053320334473e+11
9.867104617846871948e+10
2.001619648086198425e+11
2.193560066636996460e+11
7.780676598194252930e+11
8.827637225618947754e+11
5.764591765922873535e+11
8.865119594773245850e+11
3.557876958659038086e+11
3.435708511580046082e+10
6.924053558302707520e+11
8.975354144612623291e+11
8.188569951371627197e+11
6.873938925485252686e+11
8.141699228196816406e+11
3.282212129993265991e+11
8.560520979241716309e+11
3.308407382579749146e+11
8.457719077213562012e+11
5.959101648210572510e+11
3.014459815394816284e+11
2.259855206856394653e+11
8.447276546307172852e+11
8.204791453086363525e+11
2.873689437532861328e+11
1.793712130194466553e+11
1.331809767038377228e+11
5.999023191250893555e+11
6.469969357006264648e+11
1.180690081550093651e+10
3.582775878401652832e+11
1.613972711867215729e+10
4.046351819783856201e+11
7.188494194133243408e+11
4.150464769199727173e+11
5.408189110125328827e+10
8.844759879329007568e+11
3.697658005080899048e+11
2.910301827384631348e+11
7.607202386377337646e+11
1.557344171689707947e+11
7.549987481685595703e+11
8.050325049472823486e+11
4.943268048939705811e+11
2.423446529925454102e+11
3.438538866896378174e+11
5.060115921239826660e+11
8.473418742323651123e+11
3.289873802975262451e+11
7.440598606397518311e+11
8.705392620262061768e+11
5.899089576306068115e+11
5.287767504933878174e+11
3.777379670730813599e+11
2.878664193568190308e+11
4.903386061133724976e+10
7.085788240212678223e+11
6.996015617610987549e+11
8.779943720982365723e+11
1.769583789311828613e+11
3.793339477225983887e+11
8.830881750552001953e+11
1.903418935241708374e+11
9.189271326873909912e+11
6.692764862934444580e+11
1.519170547224607239e+11
3.858673518821958618e+11
8.931416778679954834e+11
5.103804866129368896e+11
1.329775107498027344e+11
3.692076362266987915e+11
6.035084862009991455e+11
9.859814732029604492e+11
5.364225837087503662e+11
8.758805753712449951e+11
3.958453845157168579e+10
4.818208732169776611e+11
2.158789200586267090e+11
5.679532559516737061e+11
7.720842130226821899e+10
5.804285609582857666e+11
