5.227843499417033691e+11
2.297888933064212036e+11
6.579261457892619629e+11
1.550592129378938904e+11
5.215257153112031250e+11
9.355910452897089844e+11
9.339097923358308105e+11
8.602478211195661621e+11
5.548954612317266846e+11
4.595404197291530762e+11
3.532557955023407745e+10
8.876532310371169434e+11
6.299281446440782471e+11
3.938710324889433594e+11
7.443647520969367676e+11
9.640678082129460449e+11
7.395852391373503113e+10
7.343358281303425293e+11
3.545666988508727417e+11
2.493696010743438110e+11
5.847615852483947754e+11
7.270964757906022949e+11
4.306430873782639771e+11
9.994806946178623962e+10
9.443233921171939697e+11
8.194067979972521973e+11
4.438419783051148682e+11
7.779512355767187500e+10
1.215215124899110107e+11
9.894415583883603516e+11
1.463659298437385254e+11
3.424871599715151978e+11
8.297286408275106201e+11
7.552997161943508301e+11
8.943504177750048828e+11
5.421304439782290649e+11
6.939356626383327637e+11
5.721691729105075684e+11
9.707336676667009277e+11
2.697928026064569092e+11
6.260099123663632812e+11
4.147068143270784302e+11
2.248065838700736084e+11
6.759127755432332764e+11
7.065850377427142334e+11
3.940853396303859253e+11
3.027269978926224365e+11
3.950561145155608521e+11
3.317345045963377075e+11
6.162173541032073975e+11
5.243720608031275940e+10
6.560398982656729736e+11
5.831511577656185303e+11
1.666187931515923767e+11
4.599288664812933350e+11
6.516783496949721680e+11
5.812418638609407959e+11
3.260877331957914429e+11
8.558983693309802246e+11
3.253641791105568848e+11
9.484391336625540161e+10
1.960685031824968262e+11
2.023628752742453003e+11
4.563805266635997925e+11
1.039139936130808716e+11
5.042206663160914917e+11
9.217498604644635010e+11
5.573948014385725098e+11
8.528682559053344727e+11
7.390480848396253662e+11
4.870268601359921875e+11
4.712248487177217407e+11
1.312587810257652588e+11
7.540799735134621582e+11
2.211427731315982971e+11
5.720551034701910400e+11
7.468865110590402832e+11
2.297272457828639526e+11
2.884414365184826660e+11
3.522301504873902893e+10
5.925475423365087891e+11
3.982551767533522949e+11
7.008536209533553467e+11
8.836261510075988770e+11
1.563353961482901917e+11
2.083717631368377380e+11
9.525188892550159912e+11
5.251259096345072632e+11
1.207190450165524902e+11
8.277182207455020752e+11
6.575203796725548096e+11
9.093565425092155457e+10
6.590542197170441895e+11
9.002369299352569580e+11
3.865227874167655640e+11
8.726002795701243896e+11
3.584337451957960205e+11
1.158215634228962860e+11
1.420946799875413513e+11
8.043137945178873291e+11
