1.746313888597049866e+11
4.797360970662435303e+11
7.140417012296026611e+11
2.012527337907377625e+11
7.464609872467210693e+11
1.400658568879147949e+11
7.905205799803139648e+11
7.677461452639289551e+11
9.622153185508251953e+11
7.715326130350761719e+11
3.340381472875140991e+11
3.811660424358910522e+11
3.849635781996912842e+11
9.280873892417188721e+11
6.537907525732788086e+11
1.946049173006649170e+11
7.700795219900693359e+11
5.936505063214091797e+11
1.874569664810843201e+11
7.941021140881058350e+11
4.554025005985867310e+11
9.460980427509715576e+11
8.342149288779587402e+11
4.928721721794636230e+11
3.628578581386648560e+11
7.836739744154412842e+11
3.809941523500203857e+11
3.824192865728372803e+11
7.103894665184046631e+11
9.867066695394638672e+11
6.954345363579617920e+11
8.698614898032546387e+11
3.885620382552823544e+09
6.355327108479888916e+10
1.292664021540087433e+11
1.307234116788341370e+11
8.048100187567354736e+11
4.870676985789883423e+11
9.395694460414126587e+10
4.721607220181425781e+11
3.481662601030791626e+11
7.266551220168669434e+11
6.409953195870682373e+11
8.938874568769588623e+11
9.811048998380093994e+11
2.739771184603273926e+11
8.270057342003461914e+11
4.011372620458072510e+11
1.727939952578089905e+10
3.494380655905487671e+11
7.255780144775744629e+11
7.217994011678002930e+11
1.913454132245491943e+11
2.305234871758670044e+11
8.283072441565208740e+11
3.886054167915965576e+11
8.598192544005358887e+11
1.194549347983937836e+11
7.430042080044908447e+11
8.228294486452716064e+11
7.469834309810389709e+10
3.997210841052351685e+11
2.086189258253294983e+11
2.184496739543975830e+11
1.279767474634630432e+11
1.552884071905024719e+11
3.298633699843190918e+11
7.799398290340799561e+11
5.333097653647999878e+11
1.969045084378970337e+11
5.828973296283984375e+11
4.865524473100008545e+11
3.883083180639776611e+11
5.202739952663323364e+11
4.380834945064522705e+11
9.816937745530195312e+11
3.487475490181831665e+11
1.501517998228813782e+11
8.340410368088165283e+11
7.824079966602319336e+11
2.672662409981435013e+10
2.171852851062451172e+11
1.524595162920652161e+11
8.586982337766904297e+11
5.636789745546711426e+11
2.327871045608431091e+11
3.790893310436004028e+11
2.754341004823324585e+11
3.994232246378223877e+11
5.345952530162416382e+11
7.595462819990677490e+11
4.860965424543620605e+11
7.907890506891379395e+11
5.076328078605322266e+11
5.572918773233361816e+11
2.680105356126226807e+11
9.584292302224035645e+11
9.056215938284346008e+10
7.057774926434720459e+11
8.124119137108937073e+10
