5.345304084359621582e+11
4.111078119322407227e+11
6.126942397020526123e+11
3.317338209530811768e+11
6.253885163389603271e+11
9.274231141788436279e+11
5.677060526894682617e+11
5.409537547206198730e+11
8.485627924165101318e+11
7.884695248991191406e+11
2.844501700125540161e+11
9.464102795011237793e+11
7.620302362730010986e+11
1.625504653762820435e+11
5.589430900062252197e+11
6.849579047677897949e+11
5.961574432519427490e+11
5.692612474543587646e+11
3.634175660011029663e+11
9.970031606274053955e+11
6.144596674867816162e+11
1.763622450285452271e+11
2.850908865226325073e+11
3.471740303226950073e+10
3.788213975119836426e+10
3.326938069772715454e+11
8.486271598153918457e+11
4.237243834690090332e+11
2.080758216010473328e+11
9.072962681177897644e+10
7.944987541691068115e+11
2.309458162384694519e+11
4.430057369305952148e+11
6.809052660811452637e+11
7.240996690851746826e+11
3.050663683817084351e+11
9.919040491780512695e+11
3.213148853570815430e+11
9.094790041599887085e+10
5.730712740646671143e+11
3.232265639122544556e+11
3.751595802952152710e+11
3.279979076875153198e+11
7.424656492584163818e+11
5.495396314329781494e+11
7.739408746298216248e+10
9.223468325394588623e+11
1.309915535081040192e+11
7.910811085960134277e+11
7.624603383040687256e+11
3.564208102998002625e+10
4.586852315872925568e+10
2.883458961391868286e+11
7.151878729099368095e+09
5.959850406186197510e+11
7.958778055474654541e+11
3.584526437621616211e+11
8.442448843232410889e+11
5.651548298694396973e+11
4.475308913495377197e+11
7.055295530474655151e+10
4.309733798932202759e+11
8.842884675758874512e+10
1.291966865168137665e+11
3.410499512847301636e+11
7.294737659218535156e+11
3.240843917032401123e+11
9.503430418705744629e+11
5.670207860526752930e+11
2.250812147857153416e+09
5.561209613234281006e+11
8.856114110648210449e+11
9.987442225872922363e+11
3.213418830109501953e+11
1.831072361842623901e+11
9.030966102130650635e+11
6.840867380406411133e+11
8.941377406395855713e+11
9.762503857269306641e+11
6.766340158470461426e+11
6.631755806065924072e+11
5.507320564722058105e+11
9.449243434901080322e+11
4.260302639746817017e+11
9.752404590256958008e+11
5.011916135371321411e+11
5.964863574488505859e+11
4.954852826389489136e+11
5.572091762853493652e+11
6.567889884996866455e+11
7.528139942841578369e+11
5.753281673067374268e+11
9.421792697366540527e+11
2.221125244751072693e+11
1.433115234050087891e+11
1.901624557460445557e+11
5.364370761835639038e+11
7.194583447317747803e+11
1.217905877578042908e+11
1.329262981255404510e+11
