7.670536742017210693e+11
5.428739786833563232e+11
9.784696639378925781e+11
3.433425075035721436e+11
9.079458114893375244e+11
9.295659178907499695e+10
1.928323209005162964e+11
2.010981678928377380e+11
3.325994595541976929e+10
5.379933422636103058e+10
9.258743201046630859e+11
1.564447079709754333e+11
5.566379363640808105e+11
1.882720502112510986e+11
1.329159629477110138e+11
8.121255473952325439e+11
4.442048328737419434e+11
2.985306584192307129e+11
2.269014877296007690e+11
9.019540257357623291e+11
8.214846394502304688e+11
9.514605540243255615e+11
9.250841786377930908e+11
3.612968654726605835e+11
9.920271802523548584e+11
8.848930262962919617e+10
1.497151451750889587e+11
9.889505015532878113e+10
4.294060536703536377e+11
7.302729760262576294e+10
1.365378002207046509e+11
4.134910893850657959e+11
6.212951123162038574e+11
2.005836302451530457e+10
2.645452690121686096e+11
5.697377587584173584e+11
2.371241616517824402e+11
4.145336479767180176e+11
9.133955718671870117e+11
1.336961047676868896e+11
8.396406724059461670e+11
5.475950187178258057e+11
3.022713276526533508e+10
7.373590048653198242e+11
4.298602146554434814e+11
2.385761888204565430e+11
6.807141537217705078e+11
7.074973775293804932e+11
9.846670494338641357e+10
2.480477118945606384e+11
9.668241959163662720e+10
7.124165170631434326e+11
5.970036101315894775e+11
2.003235377445722046e+11
5.176482278793807373e+11
4.358323944502520752e+11
1.441275816336018372e+11
2.126865613800056763e+11
5.117252060742045898e+11
3.177623137962827148e+11
5.400274762213875732e+11
6.993363067566214600e+11
9.073290656339213867e+11
7.933305495509645996e+11
9.715389209077824707e+11
4.357548289960926514e+11
5.594806512949553223e+11
9.915842175112915039e+11
1.566965099440062866e+11
3.876298962613881836e+11
5.362231818209139404e+11
3.862218354670277710e+11
1.594545916580484314e+11
1.722275747216257324e+11
2.110553216339484863e+11
8.313992654652531738e+11
6.632306798462701416e+11
7.864649640009691162e+11
9.884438672209639893e+11
7.361047663681007080e+11
4.018162072235817871e+11
2.119973151530101929e+11
7.913653098392279053e+11
6.191863807369786377e+11
3.173408576477790527e+11
7.875687842305152588e+11
1.400694496388233337e+11
4.725013800448433838e+11
3.915575162814596558e+11
3.978307997391989746e+11
3.034312742475954590e+11
6.258987302667708740e+11
3.564603465136488037e+11
4.537046670039420166e+11
1.774518275855266724e+11
1.501063289084714127e+10
6.833619991330479736e+11
3.367645096201647949e+11
2.074953157506321106e+11
1.296046754944776154e+11
