9.218989193062045898e+11
8.389444820462877197e+11
8.607657465284862061e+11
5.931180199516680908e+11
2.280867292202063293e+11
7.030368890502935791e+10
7.409882545814077148e+11
2.664331274120476379e+11
5.960287284825386963e+11
5.321273338330194702e+11
5.232466286016701660e+11
5.922902446473576660e+11
1.863155154869476929e+11
5.496003482704061279e+11
3.000971150405454712e+11
3.623734005285856934e+11
1.581304310496693726e+11
3.505729071417726440e+11
7.002341413925682373e+11
6.471420982978427734e+11
6.229781912409016418e+10
9.030705496996645508e+11
5.351089203898296509e+11
8.454318807978452148e+11
5.874217761980474854e+11
6.128183660647238770e+11
8.481823926277036133e+11
3.805065076670149536e+11
6.868599595525465393e+10
5.145604892851496582e+11
1.130853715677690582e+11
4.543270949543600464e+11
8.041801226259721756e+09
7.279767857284227295e+11
9.854421988202480469e+11
4.638465909795479736e+11
1.708225903683117676e+11
9.404867520402065430e+11
5.223236759300598755e+11
8.506441046688240967e+11
3.443109796798783112e+10
3.915293292172074585e+11
8.408038386416818848e+11
1.494473598869537048e+11
7.200814293687279053e+11
9.041827246320616455e+11
8.227479518052617188e+11
5.211571493016100464e+11
8.986980359203679199e+11
1.778442252276835251e+10
7.426802661932432556e+10
6.868968248083057404e+10
5.417758392657476196e+11
1.691960456257954979e+10
1.656509899859941711e+11
2.895529333739589233e+11
2.638923428031762390e+11
3.893040250588115234e+11
7.503300268203908691e+11
8.264038327817569580e+11
7.248181226521804199e+11
6.241895396671923828e+11
3.596373799606116943e+11
1.833584983684916687e+11
8.192218824600804443e+11
3.883206422872814178e+10
5.614666887914743652e+11
4.765634607168154907e+11
9.220337393140025635e+11
6.600363736535170898e+11
8.759446220692739258e+11
9.074007173807259521e+11
6.435958671133181152e+11
8.687655486647998047e+11
3.985122186455261993e+10
6.766961525670378418e+11
9.623412607931530762e+11
3.055302952089266357e+11
9.179041454283410645e+11
4.847493789862830200e+11
3.524933759302604370e+11
1.872679627496876526e+11
3.251978839604047241e+11
2.718840361828981400e+10
9.620026868366995850e+11
6.282099825112893066e+11
7.424930035305264893e+11
5.167325409025809326e+11
7.425076842125905762e+11
1.520053323731602783e+11
2.786458631148760605e+10
6.604832172628004150e+11
4.736721137652261353e+10
6.640462809884324951e+11
6.247711221980765381e+11
7.902095104457313232e+11
9.750168557055908203e+11
7.095324884821809387e+10
8.566929662771821289e+11
9.191230666426428223e+11
