1.965206958776254578e+11
8.647614100095617676e+11
8.711263878932830811e+11
3.915100484171612549e+11
1.693351737083576050e+11
7.551586690946822510e+11
6.161384071091316223e+10
3.918663205184053955e+11
8.399753565396080017e+10
6.051036899845128174e+11
7.379653847642481689e+11
3.865787547156393433e+11
8.754664871651069336e+11
1.860704908302900696e+11
9.357315996083419800e+10
8.606712619961079102e+11
6.568470144121193848e+11
9.612568819730458984e+11
7.098027421987117004e+10
1.058846051566450500e+11
9.637517360230266113e+11
9.194317632278785400e+11
6.642816327317683105e+11
6.191186545466672363e+11
2.991291961482037354e+11
1.950951487002112732e+11
1.891629413692045593e+11
8.451580678992253418e+11
4.118513149146408691e+11
1.990331917841813660e+10
2.497306597767426682e+10
1.048559639540010681e+11
1.093854521046505585e+11
1.570226381035571899e+11
8.859065335031572266e+11
6.877679591546168213e+11
6.579618192725927734e+11
9.677653501395407715e+11
5.569472256673909912e+11
3.058283463160848389e+11
8.678667480527518311e+11
1.798674915330461731e+11
9.296238142644833984e+11
4.462258984582299194e+11
1.891785086171168518e+11
3.164674348149802856e+11
3.504200460351032104e+11
8.842313851471215820e+11
5.790460644088322754e+11
9.395492675982963562e+10
1.661694094499274597e+11
8.453944315022939453e+11
9.573170485434316406e+11
3.190034116121328735e+11
5.589791666843057861e+11
4.100621971578712769e+11
1.868388138883743591e+11
3.351659250475371094e+11
1.403390990664410706e+11
2.382458489878066711e+11
8.493717903352592773e+11
6.892639394491166687e+10
7.646643246710955811e+11
3.605976368195161743e+11
5.881117358143160400e+11
2.167054061549533997e+11
3.332864181913133545e+11
7.937040928577519531e+11
2.560307489668966980e+11
1.490048987322187805e+11
8.006572505950853271e+11
7.853731460365869141e+11
2.781789462276686401e+11
2.508757675161556396e+11
8.657790118043247070e+11
2.076668875726390381e+11
2.812916987388995361e+11
1.000959928656590271e+11
3.828410753423419800e+11
2.100852008898234940e+10
9.672410281972165527e+11
2.069056294856023865e+11
4.009214765886189575e+11
7.982543168302280273e+11
9.673357015961422119e+11
2.844161524297335205e+11
2.279629369822395630e+11
7.603165811209991455e+11
3.645085688137742310e+11
8.266880864173420410e+11
5.417915661635121918e+10
9.092269346811068726e+10
5.290980357676640320e+10
2.510763552673417969e+11
2.625253989091644287e+10
4.921166859680117798e+11
3.795861748713162231e+11
6.761297297834412842e+11
1.171802734969887543e+11
1.621236134324626160e+11
