7.421136700587233887e+11
6.090966948364718018e+11
2.699349287652746887e+11
1.860468191186717529e+11
9.778176370118839111e+11
2.705948747388018188e+11
9.223486787057373047e+11
3.222723164302191772e+11
4.488273522906978760e+11
3.194676391149747086e+10
9.335100401307674561e+11
9.656010244633258057e+11
6.981554749532653809e+11
3.754855732308211060e+11
6.607580227650897217e+11
8.878354157899038086e+11
1.123539143933356628e+11
4.847175715212366333e+11
2.269687217923345947e+11
2.014591547821488953e+11
8.235552283478725586e+11
9.136774330785299072e+11
8.757514017684766846e+11
1.737563312417895813e+11
9.479874472561414795e+11
9.099708500255250549e+10
8.175535557005206299e+11
8.219579101784891357e+11
3.221759224902489014e+11
7.187591797558746338e+11
2.951318523495343018e+11
3.258475873123480225e+11
2.171167096821195679e+11
1.024950015030910950e+11
5.049930069165853882e+11
2.808728273077642918e+09
1.133976020450842896e+11
4.768512547508199463e+11
8.050402474113304443e+11
4.572469296805941772e+11
2.298477233766353760e+11
1.201556090013954315e+11
3.809964938817245483e+10
4.915658226464697266e+11
6.818412944111066895e+11
1.179106165657707520e+11
2.867669422566242676e+11
9.599677830222495117e+11
8.888012233214595947e+11
1.137122786694836273e+11
9.687333842236717529e+11
8.915447730212778320e+11
8.960358774220412598e+11
9.873740714598854065e+10
2.653130951159131165e+11
4.725344588872783203e+11
9.182314541279196777e+11
9.760212427627647400e+10
4.455275864001047363e+11
3.113953861346442871e+11
7.493849731080489502e+11
8.433582866727183838e+11
4.347377175477979126e+11
7.986338059597292480e+11
7.230686829773460693e+11
6.582466621711888428e+11
6.430771617213760986e+11
8.639347932295454102e+11
3.767866452774990845e+11
3.202745530360841675e+11
8.388062820711524963e+10
8.146899920837226562e+11
5.106326161760934448e+11
8.382133082062619629e+11
5.745104242260433350e+11
5.200299597430214844e+11
2.566968529463462524e+11
2.671047455671585083e+11
7.489116387167236328e+11
1.337074949518197632e+11
3.932301784704990234e+11
7.712559786457401123e+11
5.622219057001785889e+11
6.283944097483131104e+11
7.583793304668999023e+11
1.712727380962592468e+11
9.759777500041894531e+11
1.507454851306255188e+11
5.963121179138819580e+11
2.159594918046562500e+11
3.524334459657756348e+11
3.862401380789948730e+11
4.108689464933992920e+11
1.557827616634751587e+11
2.306097932372846985e+11
3.606413660401250610e+11
5.591322062514968262e+11
3.496842407659149170e+11
6.131430957875384521e+11
4.641877313547193604e+11
