1.700764521452618103e+11
5.620953235759786377e+11
2.526520315574227295e+11
5.597604442496668701e+11
7.131122806182202148e+11
4.375100709448392334e+11
9.514274729941375732e+11
4.583551410194628906e+11
1.045618171605412903e+11
2.882217703204522705e+11
3.068719693928262329e+11
4.375533153966770630e+11
2.128477550858689575e+11
3.614859969985525513e+11
4.951908096814207153e+11
7.434974640352733154e+11
3.672920448645886841e+11
6.698632795529863281e+11
7.634332179117606201e+11
8.897920343032197266e+11
4.765978219815158081e+11
4.226996948097711792e+11
7.942584389805916748e+11
2.048602562258092651e+11
7.341121095219462891e+11
7.451251648519420166e+11
1.726067135765198669e+11
2.929524745343333130e+11
1.354117877625989380e+11
3.260978274955515747e+11
4.721725357426436157e+11
2.759608377626954956e+11
7.834589283064279785e+11
4.854984223424907837e+11
3.097677875288490601e+11
4.689028377565119629e+11
9.378501730898391113e+11
7.981388107174783936e+11
9.037223127558688965e+11
4.046613548191422729e+11
3.981128038277634888e+11
1.512586827352612915e+11
3.031845540728975220e+11
7.098058933553233643e+11
7.615930751357170410e+11
6.322780571252137451e+11
2.854138761801067505e+11
4.793902143120083618e+11
7.782420803769855957e+11
7.763714307227583885e+09
1.902636318427914429e+11
6.219313714824461670e+11
5.725559189781439209e+11
8.840346370863297119e+11
3.813178196459388428e+11
3.584006955162593994e+11
2.658173344304913635e+11
5.065206795930053711e+11
6.655846606091349792e+10
6.809031677338422852e+11
2.203531563733534546e+11
5.707006106598815918e+11
1.894344350835892105e+10
8.217356317375316162e+11
3.217582385406813965e+11
6.274482478019528198e+10
5.106675983627009888e+11
8.469198612499807129e+11
3.644406320249992371e+10
2.408858103652364197e+11
7.158032440744945068e+11
2.908164540313850098e+11
4.568789759542360840e+11
7.470011901461796570e+10
1.545895992653294373e+11
4.517086558424566040e+11
5.835689986861331787e+11
2.202655543689911194e+11
3.623873616262679443e+11
2.789794521201202393e+11
7.487570342417480469e+10
9.587901253566846924e+11
6.987323652780284119e+10
4.262380932402572021e+11
8.702487199359147949e+11
8.388623165134129639e+11
4.890476124135928955e+11
1.205549291781456299e+11
1.480856713222853699e+11
3.336472397306237183e+11
8.324127576577767334e+11
4.474325801881437988e+11
7.200449205027322998e+11
6.835313270933955078e+11
1.560258151311851501e+10
4.904544895639511108e+10
6.532921374239415283e+11
8.608217880801380920e+10
7.389078888677176514e+11
7.792611870047144775e+11
