4.427146730985626831e+11
9.068857280734509277e+11
4.539258401789427490e+11
5.757991534579666748e+11
4.293381619666885376e+11
1.059628643054249878e+11
4.774080110309862061e+11
5.636171943834637642e+09
8.485498920818750000e+11
7.035397235801690674e+11
6.642244947367056885e+11
6.818590006793496094e+11
9.474207683407037354e+11
7.114197863524399414e+11
1.145422160435464783e+11
6.368971432601562500e+11
9.337018570974954834e+11
3.269790575519923019e+10
9.300009690008161621e+11
3.121240868357383423e+11
4.310893980649556274e+11
3.226585741768602905e+11
2.944033466310385742e+11
5.953547901006245117e+11
6.717455136874516602e+11
2.062515690579979553e+11
6.798401047833994141e+11
2.195822829915142212e+11
1.833636212203448486e+11
1.348751689236973724e+11
9.743174094452929688e+11
9.662704960245437012e+11
1.886740887230264587e+11
7.685220505352659912e+11
4.087913977946334839e+11
8.959240555496591797e+11
6.212634835357674561e+11
9.820521741222216797e+10
5.489742987032037354e+11
9.049056540078720703e+11
1.163221968109008942e+11
5.529244650187083740e+11
1.818676393457084961e+11
7.454901584425518799e+10
5.971741884945806122e+10
7.305629039769147949e+11
1.452592875924943848e+11
8.665063007047448730e+11
8.374586974140091553e+11
2.067391310229408569e+11
8.154101152026887207e+11
8.537983789900717773e+11
1.164992088593444633e+10
2.659652329592303162e+11
3.916009658536302490e+11
2.002916444376625671e+11
8.674635062804510498e+11
4.240197260342922974e+11
7.909259652553823242e+11
4.502111045849306641e+11
7.033032400412041016e+11
9.382131000550278320e+11
1.868822477198110962e+11
6.263923565240062256e+11
3.126458181535484009e+11
7.408288477425639343e+10
6.542983672440302734e+11
2.338562365086772461e+11
2.966820143961486206e+11
7.002707684056253662e+11
4.875071054684088135e+11
4.371228046594613037e+11
6.697357015821082764e+11
7.162064867816755371e+11
7.592821228022507324e+11
7.436577718082197266e+11
4.775286587301195068e+11
8.186250206793989258e+11
7.394062493768463135e+10
9.356462821191328125e+11
6.147892382809086800e+09
5.728735997277247314e+11
9.581586913994705811e+11
6.183210716184833984e+11
2.806680402373966599e+10
2.536886089438430481e+11
8.150232326541801758e+11
4.155954917285351562e+11
1.707221205591042480e+11
7.663720739837746582e+11
1.499516291704731750e+11
1.580563342578152466e+11
3.969410504992789307e+11
8.421461945165881348e+11
4.763981616637009888e+11
4.708621986972505493e+11
2.297331519517082825e+11
7.798958877786490479e+11
1.045964003927446594e+11
9.139680566545739746e+11
