7.922813217657859802e+10
3.991606111950303345e+11
6.919099522758687744e+11
4.197486354071112823e+10
8.318650379854324951e+11
1.072894503858810883e+11
3.032694350755110474e+11
9.983351553670343018e+11
3.919667438234284058e+11
3.519026193381010132e+11
9.879589958099351807e+11
4.320641243472490234e+11
5.019501132721901855e+11
1.389272612053791199e+11
1.134216482036983337e+11
1.146534507576538239e+11
2.574107281590270691e+11
3.854970741723310547e+11
9.695321915668194580e+11
3.741319542156976929e+11
3.599716387621835327e+11
6.611417704517246094e+11
2.616825332663266296e+11
2.094760516264467163e+11
2.862283635905657959e+11
3.477494642367471313e+11
1.265515475792582703e+11
2.788392350217144165e+11
4.614332094563538208e+11
9.913967725716307373e+11
4.543825308928540039e+11
1.483962036466267090e+11
8.523056849312149658e+11
4.435494882405219727e+11
9.330178249649521484e+11
3.615410904226113892e+11
4.312782036131621094e+11
5.271286192090324707e+11
3.876741763154194946e+11
6.468655110913513184e+11
8.450862145672147217e+11
3.751917233127991333e+11
5.891337818271748047e+11
7.628204124625027466e+10
4.877047818937192993e+11
6.217804581375817871e+11
5.459324512957545166e+11
1.587380162834963989e+10
2.672408871079253845e+11
5.471571140055650635e+11
1.961932559888043213e+11
9.959510491621118164e+11
2.005430808306476440e+11
3.074905969239330444e+11
9.613021671604223633e+11
6.932139038561508789e+11
8.598349649783488770e+11
4.375449590553153076e+11
2.414854823719093628e+11
4.996701734832242432e+11
5.794073947493757324e+11
3.633790284863276367e+11
8.782838056986486816e+10
8.014106328679251709e+11
7.856462046540676270e+11
7.975196406137042236e+11
7.356503321703226318e+11
3.411997537696614990e+11
4.301577090182882690e+11
4.899333736798671265e+11
7.555992541519608154e+11
9.567313417570634766e+11
2.869613246950413818e+11
3.509260410183510742e+11
8.729816539596090698e+10
3.463570745504135742e+11
5.162874911980241699e+11
7.205568765188499756e+11
1.053535752785353088e+11
7.969096620789887695e+11
3.364317988900928955e+11
8.289747568756904297e+11
4.395499217474920654e+11
9.172816901886866455e+11
9.640052085165871582e+11
1.664152151223784790e+11
2.535107855812842407e+11
4.355860014752631226e+11
2.253924912794103088e+11
9.493596699458627930e+11
3.612944217678361816e+11
1.058258053481993794e+09
4.972382825689487915e+11
6.955206524971932373e+11
1.251176479152570648e+11
6.693301042463353271e+11
8.180740764200595703e+11
9.075730866654409180e+11
7.150839493030070801e+11
5.797983510593448486e+11
