7.890112902050888672e+11
6.319170524222198486e+11
4.014616956103339844e+11
3.189952812779854736e+11
1.219393716181013031e+11
4.862548090455419312e+11
2.514479452862886047e+11
7.053791255392877197e+11
1.996317727755437927e+11
6.311772026990335693e+11
3.228375174652012939e+11
1.358389576215483704e+11
9.296908973064171143e+11
7.105518832402716064e+11
8.165965209837597656e+11
3.280559429862702942e+10
8.688818518763240967e+11
2.983671042432871094e+11
5.775395814908601074e+11
1.074866549609003754e+11
4.285563233120760498e+11
5.871590539335928345e+10
8.100361269385057373e+11
7.181219967863853455e+10
5.177864085084934692e+11
9.270800312986215820e+11
1.002508892819075012e+10
9.428462698294926758e+11
9.965335997815623779e+11
4.375694247500617676e+11
9.944372649187871094e+11
9.368744455601361084e+11
9.643773243539338379e+11
4.424992652935522461e+11
7.462800913165620117e+11
7.307967790256120300e+10
1.183052781748598785e+11
5.305851360296757202e+11
3.388434324993831177e+11
5.323472764939940796e+11
5.612179243224295654e+11
7.877473517955051270e+11
9.823832258670065308e+10
1.142686932691695213e+09
7.660284370537521973e+11
6.352804014763963623e+11
9.034975415732708740e+11
4.819685678483772583e+11
5.105793428906259155e+11
3.449084609334362793e+11
2.877793972960238647e+11
8.458592055724238281e+11
5.876524824199733887e+11
7.402329475352813721e+10
3.738254323724655762e+11
9.528709146517587280e+10
7.756801971810452881e+11
9.560337898736656494e+11
1.199562303316913147e+11
5.823100277315255127e+11
5.382200373941848145e+11
7.441296040732952881e+11
4.134535328648556519e+11
8.836139722679289551e+11
8.618371966234852295e+11
5.531994248158201904e+11
7.189789045296979980e+11
4.383354271465180664e+11
6.555224713864033203e+11
1.049281602023130035e+11
3.501970522887019043e+11
9.492964182904367676e+11
5.796889261664063721e+11
8.853579474026849365e+11
3.159294396045757771e+09
9.955003708519033813e+10
7.381619554341931152e+11
6.179279570555014038e+10
1.148088544584798889e+11
9.674020150271950684e+11
7.532706927009944153e+10
3.513536836254394531e+11
7.609205453612434082e+11
9.128377746706832275e+11
2.937634344647267456e+11
1.248880913977431679e+10
8.801836414493991699e+11
3.878293896610439453e+11
9.180454117463830566e+11
1.603921354582595215e+11
4.095683564788480377e+10
2.190791760843572083e+11
6.729582638130876465e+11
8.231691176850635986e+11
8.975008115073551025e+11
9.859310205508173828e+11
9.841971588160698242e+11
5.545169335175181885e+11
8.129325709506215820e+11
3.902373878300551758e+11
