6.889182780405273438e+11
4.934606637958621216e+11
4.905156494045896912e+10
4.633025561396984253e+11
8.478170421948073730e+11
8.343102322720965576e+11
1.840910659295625000e+11
3.203688253680405273e+11
4.539533271670582886e+11
7.723996866641018066e+11
8.461939899282921143e+11
4.935600266098665161e+11
8.190622844000969238e+11
5.672835849579886475e+11
8.998104416310130615e+11
1.896011594703683167e+11
2.475718215944369507e+11
7.734912135559614258e+11
6.465068660251560059e+11
8.460834766890104980e+11
7.425421365282426758e+11
9.291843054666341553e+11
5.202624022529473877e+10
1.450152623970055847e+11
4.910334901602094116e+11
9.928560990509212646e+11
6.897327352112802124e+10
6.462214819335594482e+11
6.638293190025189209e+11
4.756239046191068726e+11
3.466282302587319946e+10
1.129279569554320068e+11
5.525865153014899902e+11
5.658837562955128174e+11
1.114068477909064484e+11
6.304404105533134766e+11
7.397463479169691162e+11
6.958045147944235840e+11
7.115015036895455322e+11
2.458568657717945251e+11
9.819385290258138428e+11
7.081484199911165771e+11
6.222206588976682129e+11
7.086673673386619873e+11
1.646393163690728455e+11
5.563471706137296143e+11
3.868864750069644165e+11
8.315003921357126465e+11
8.726471776589592285e+11
5.559998500438853760e+11
3.398810331954464722e+11
3.882615013856520996e+11
8.080780646011540527e+11
5.774500652076609039e+10
6.750841495316353760e+11
9.025842694594071045e+11
9.477515093362631836e+11
3.127349352602116089e+11
7.865225000469547119e+11
1.673464282086311035e+11
7.318398248574443054e+10
1.795163443665820312e+10
1.131322721120444794e+11
8.336503218264516602e+11
4.879751260329819489e+10
5.373480357161113892e+11
2.557343293042336426e+11
5.529385162999313965e+11
8.095243779083050537e+11
6.519357171183206787e+11
6.576241773711080322e+11
3.429612815696111450e+11
2.032897081244043884e+11
4.507628473941782837e+11
2.369684386458383484e+11
1.780609316411701355e+11
4.711164433094752808e+11
6.631437686639311523e+11
9.263115689636362305e+11
4.618570965618442993e+11
1.911701177700309448e+11
4.279314802736241913e+10
7.973370409379294434e+11
2.328184239580552063e+11
6.259363642386255646e+10
2.432010899955689697e+11
4.886300000335465240e+10
1.176093830334948730e+11
9.315305561689611816e+11
8.541936910820482178e+11
5.398674858645435181e+11
6.981750966618503418e+11
9.806022160669860840e+11
3.587231008145536499e+11
8.567513718433789062e+10
5.678933386442463379e+11
5.985624787306359863e+11
6.345819965049287109e+11
6.076209036977479248e+11
2.067840453454251099e+11
