7.341293839712596436e+11
8.645782608848076172e+11
5.773098311416237793e+11
6.981525917590074158e+10
1.118104615291180115e+11
4.087463601405350342e+11
1.786416040853591309e+11
1.845373913929597778e+11
3.692623670311892090e+11
2.448082844875572968e+10
3.603412197430248413e+11
5.603978095805533447e+11
9.152450188106585693e+11
9.052652649773404541e+11
9.951643856944916992e+11
6.496455060896706543e+11
7.401171388204465332e+11
4.167921411290400391e+11
9.700256000313233643e+11
7.090197968484903564e+11
4.403619207997014771e+11
7.550760324110716553e+11
3.606305176306936646e+11
1.501019795818105164e+11
3.088839859303737793e+11
7.468928131563240051e+10
1.916194405625401306e+11
8.900773229942990723e+11
1.290451325493331299e+11
9.191864405014815674e+11
2.662876852455387878e+11
8.983327077481712646e+11
3.812074608292069244e+10
7.369100642286665916e+09
4.243038124388319092e+11
4.059441046697202759e+11
9.022362983121239014e+11
1.993949118097459106e+11
4.183919484889336548e+11
7.913268962211818848e+11
2.827592220335358276e+11
3.856813691384620972e+11
7.876345384812647705e+11
6.596793183757841797e+11
8.335472238817409668e+11
2.684362192211055298e+11
2.807197375527536621e+11
8.256097149030285645e+11
4.852452815970190430e+11
7.048366820635637207e+11
3.719573809991058960e+11
8.433840736070521240e+11
2.072006253764810791e+11
4.855568435039706421e+11
9.810470638988784180e+11
3.985061090411137085e+11
6.138201698091308594e+11
3.931196803917644043e+11
1.561080545896205139e+11
6.325741586003237305e+11
6.456174070608479004e+11
2.828207741923120728e+11
4.051417451652834473e+11
2.278599658700844727e+11
4.514447262564842224e+10
1.020016967846349335e+11
8.511882673211875000e+11
4.759114760059895630e+11
9.291102907326617432e+11
2.422055672033316956e+11
1.889697697070941162e+11
2.486511762816904907e+11
4.278783861554065552e+11
8.529879941373428955e+11
6.439849317519196777e+11
3.287037712014097214e+10
8.769167449076859131e+11
9.044238184996640625e+11
2.966903731182203369e+11
2.281779586808293152e+10
5.908106779774865723e+11
4.557400147733698120e+11
5.190733775800121460e+11
7.392711947431188965e+10
6.850238061547803955e+11
9.284494087477033997e+10
1.546816793984065857e+11
5.624753594888012695e+11
4.341566200941587524e+11
6.933900876864333496e+11
1.772925358035937500e+11
8.844486610014465332e+11
5.886380190009210205e+11
4.020260381370684814e+11
7.656874835152011719e+11
3.317301315446409302e+11
9.223506567006555176e+11
8.038322661009025879e+11
7.284865101891118164e+11
4.598728839905014038e+11
