1.510994615963787842e+11
5.061738540612658081e+11
8.980076624931137695e+11
8.952296996846630859e+11
6.428937456529086914e+11
3.173087256267732544e+11
5.795568208072897949e+11
8.261588190057902832e+11
3.333633055716022949e+11
4.785082594479362183e+11
4.879012563374590454e+11
7.183414929450635986e+11
2.262190219989638977e+11
8.302205073320837402e+11
8.642895514972919922e+11
9.556401583775341797e+11
7.165283621758330078e+11
1.389974871646573486e+11
9.247153985135747070e+11
3.297587219749183960e+11
6.742746255341047363e+11
6.680638031787127686e+11
7.048414016527264404e+11
4.145934456687737427e+11
8.106636006384392090e+11
6.065171267292408447e+11
6.934879707956437683e+10
5.181964562335974121e+11
6.297781954396351318e+11
6.302840548798698730e+11
3.528653089993662357e+09
8.269414977566503906e+11
5.008656724229243164e+11
8.472888487936876221e+11
8.415495324987593994e+11
6.858332751701528320e+11
7.010391627692553711e+11
7.245410436448123779e+11
2.267056328285452881e+11
5.312252352829277954e+11
5.911168247715943604e+11
3.835557830521582642e+11
2.735519449709572754e+11
3.213648143629543457e+11
1.096123470237360077e+11
1.941939513733692627e+11
8.832579193301450195e+11
7.168469475885654297e+11
1.245107370879908447e+11
3.449610283714337921e+10
3.514937923370560303e+11
4.820627386942355347e+10
6.886702071719844971e+11
3.684598374844616699e+11
7.914920661889826965e+10
1.313085323151370087e+11
7.989336047429831543e+11
6.376313587253182373e+11
6.505407916631978760e+11
1.009293383043540344e+11
8.734717047367429199e+11
7.843061770493597412e+11
4.792929439944013672e+11
6.968534879908437500e+11
1.152475149400622559e+11
4.018808631152055664e+11
1.636450299035050659e+11
5.324853424512919922e+11
4.536828383059724808e+09
7.257504056462390137e+11
5.129418569750714722e+11
9.913616855880449219e+11
8.606090498442454529e+10
5.914725264670933838e+11
9.754475881292364502e+11
6.016911802504647217e+11
4.465621595570198364e+11
3.274383089590534668e+11
9.914636903940736084e+11
7.985911204522064209e+11
6.112590204976547852e+11
4.149685022071112671e+11
6.887298917429661865e+11
2.618333553435066833e+11
2.697818070276827393e+11
3.773470112761110840e+11
6.457852405391311035e+11
8.339182470251292725e+11
2.088177215166457214e+11
4.008044149907888184e+11
7.436354331367612305e+11
8.438949617220588379e+11
6.077048525282678223e+10
9.829403767007730713e+11
9.210320745525457764e+11
7.680677097471770020e+11
8.364306269711700439e+11
7.591830512426470947e+10
3.811538838110778809e+11
8.471742150308156738e+11
