9.661574049765097656e+11
3.040244165128218384e+11
7.704430601096931152e+11
7.808248610672530518e+11
5.896255734576865234e+11
8.107925775117668457e+11
8.476608436387329102e+11
3.324169017608500290e+10
3.856077880689270020e+11
8.181277735445284424e+11
2.960708513314527588e+11
8.943345322087656250e+11
4.254866582370548706e+11
2.537275770035528564e+11
6.690303688121812744e+11
3.787956182734623413e+11
3.193168734378018188e+11
2.731861309345803833e+11
1.081394084330946808e+11
3.617398812526817627e+11
4.554582433184650269e+11
6.355403119922856445e+11
5.297172014633593140e+11
2.645197681926789246e+11
3.577159457705302734e+11
4.659488135560772095e+11
9.952794993942099609e+11
8.275673293704140625e+11
7.867551501165030518e+11
9.730707282857731934e+11
7.825778533327923584e+11
5.909900833233442383e+11
9.526767624751715088e+11
1.316602460718712463e+11
1.699324035351777649e+11
8.519541463852805176e+11
5.981098215096968994e+11
1.335946982263822479e+11
3.799478809030681763e+11
4.560073152070039673e+11
6.994157879816749268e+11
5.199242545952521973e+11
1.706683917226665649e+11
3.461449508985973511e+11
6.749649745957875977e+11
7.792587026721412354e+11
1.062276173532987061e+11
1.033050766903974304e+11
7.656825876622570801e+11
5.782616302541442871e+11
8.555278130261662598e+11
3.038049390254715576e+11
2.273454249194186096e+11
8.417807704663110352e+11
7.413459348382406006e+11
8.305131712975112305e+11
2.331773932581213684e+11
8.901352015176663818e+11
2.532699926154006042e+11
1.940236811940904846e+11
7.199850200753228760e+10
1.618511745654407654e+11
9.038533757140694580e+11
7.122079499781542969e+11
7.560621134979566650e+11
4.405063467818811035e+11
2.297259160274891663e+11
8.668987835694350586e+11
2.644315323430927429e+11
7.016782079933856201e+11
9.118197428647410889e+11
3.288034417718416748e+11
8.393968587432174072e+11
6.204247691482833252e+11
8.617497497091571045e+11
8.867338552200704346e+11
6.889326559688646240e+11
5.653641437852247314e+11
4.276348836334212036e+11
1.174596819885858154e+10
4.223199578349010010e+11
6.952212490137879639e+11
4.591072383643153076e+11
4.826287156592315063e+11
3.838673023517188110e+11
4.216800188492445679e+11
9.635462428525445557e+11
4.705542772201548462e+11
9.164920097073394775e+11
3.441958361820620728e+11
3.601747021379472046e+11
6.867877209135135498e+11
5.713183437213099365e+11
1.471730770676635437e+11
3.582274777396135864e+11
8.436328423343067932e+10
4.112483020816605225e+11
7.839407210972288818e+11
9.994425817815640869e+11
6.521590699228962402e+11
