1.908020826927740479e+11
5.472512000737488403e+11
5.385199090394215698e+11
2.676838780207316895e+11
7.894507284024597168e+11
1.351650621834900818e+11
2.520222752104574966e+10
5.485319212547199097e+11
2.785605246040460205e+11
4.462866772061097412e+11
1.469801717835406494e+11
1.111345044242148132e+11
4.140952491210305786e+10
9.419541389996739502e+11
9.450542346406131592e+11
7.331650190036828613e+11
4.286632275368057861e+11
8.877167616672505188e+10
8.468023625373417969e+11
4.780971804823750000e+11
1.875149839527870941e+10
1.091422546229461517e+11
3.096664943515848999e+11
9.048084128114747314e+11
7.212430054911065674e+11
5.328325364294234009e+11
9.265178536687269287e+11
7.333649723454531250e+11
4.613615877987544556e+11
1.866139153780046692e+11
2.322811794798284912e+10
3.698160250055848999e+11
2.853022167493636475e+11
7.549855577702646484e+11
2.285562398156142883e+11
6.325588897081295166e+11
6.740509474316987305e+11
1.195914605798288422e+11
9.960616744570053711e+11
2.045987132938270874e+11
1.882792735092695618e+11
2.063359494798575134e+11
2.695472885626461182e+11
2.453006549450754395e+11
2.522346833317557373e+11
2.336114817985276489e+11
4.541111023910686646e+11
3.243005773040534058e+11
2.901679576541819458e+11
4.735146280956492920e+11
3.656314182939478149e+11
7.320438018547661133e+11
4.573762997122149048e+11
5.327539091159960327e+11
5.778633242644149170e+11
2.164251656367210693e+11
9.070041737146109009e+10
1.226046549346301117e+11
7.241379152817625732e+11
8.539171796698818970e+10
8.774603428697183838e+11
5.841773325553491211e+11
3.440887136374234009e+11
9.126049760980299072e+11
5.636674447540183105e+11
7.900393054401968994e+11
6.994922052153198242e+11
1.021263393387991486e+11
5.095839644422356567e+11
6.280434689707187653e+10
4.607408860739337158e+11
8.445509818719990234e+11
9.467236223843107910e+11
2.664453184332144165e+11
1.281961166693741913e+11
2.505573826654522705e+10
3.880584781299308777e+10
7.887960446691506348e+11
8.889723412273457031e+11
4.789516018182611694e+11
1.998069021817449646e+11
7.491103284773063965e+11
5.828404757753889160e+11
5.631739594045874023e+11
4.499868705581395874e+11
2.721077744608579102e+11
4.441088178852571411e+11
1.882880454204445267e+10
1.994783839933530884e+11
5.948927801191483154e+11
2.313854218294450760e+10
9.125411067900394287e+11
1.175737498291669312e+11
7.852908895227299805e+11
8.003748174506899414e+11
8.075119953514862061e+11
1.009687064040077667e+11
6.191941738416734619e+11
3.960873283260496216e+11
6.772236984895627441e+11
