2.631403487872282410e+11
9.765751430411011963e+11
4.100326465603903809e+11
5.084769384777391357e+11
1.868818438025728760e+11
5.464344427264446411e+11
9.456573755738493652e+11
6.471025279045321045e+11
4.859805435625233765e+11
7.931518445824965820e+11
4.564901091392171021e+11
7.009411246638940430e+11
6.723029435506572266e+11
1.025647507502942963e+11
9.668961851507506104e+11
6.619338988782507324e+11
5.483512860371413574e+11
6.950095428017342529e+11
5.744055407282019043e+11
9.559577341092808838e+11
4.842819349396237183e+11
8.870391753494201660e+11
6.511370050491268921e+10
8.750785896314901123e+11
5.225835782181307373e+11
3.914097173420843506e+11
8.080558696851311035e+11
8.908717540697003174e+11
1.269450303473794556e+11
6.990582517714194336e+11
6.485166315969078369e+11
9.867214058832866211e+11
5.802213263783597412e+11
6.611080898135587158e+11
7.952774909511175537e+11
6.838910548533168945e+11
8.099924897155665283e+11
7.738747081940195312e+11
6.373419794146169434e+11
8.090856274623326416e+11
6.529000315613903809e+11
7.343774839478549805e+11
8.195607380246220703e+11
1.392025399602410583e+11
1.334556128169068909e+11
9.537069313041857910e+11
2.604510256470499573e+11
6.357991905321646729e+11
1.982852452619318237e+11
2.162255548868777466e+11
3.588372731539657593e+10
4.365310061169617310e+11
8.524574651962294922e+11
3.183200137454223022e+11
7.958238575278579712e+10
6.731608285158975830e+11
1.615529201979926147e+11
8.514376765760334473e+11
4.879100566604142456e+11
3.857066584897409668e+11
4.390972483859027100e+11
7.186737835564211426e+11
9.584431412211127930e+11
7.505999491989743652e+11
7.871738202908109131e+11
3.687441413106008301e+11
3.411618806896900024e+11
6.575553919034372559e+11
9.457956870439637451e+11
3.243709875008422241e+11
5.296448001272000122e+11
1.613645452028717651e+11
6.167705962327708740e+11
3.400850934029230347e+11
4.680854184586099854e+11
3.736449678914350586e+11
5.824070875734237061e+11
8.519005421643663330e+11
2.862936377274542236e+11
4.933277712384528198e+11
1.483682454445835876e+11
8.189727458553752441e+11
1.298329898049904480e+11
3.962531454155783081e+11
2.691312725295964661e+11
9.236204950613938904e+10
7.344204108463505859e+11
7.763957628946622314e+11
5.629387018338039551e+11
8.041124489049190674e+11
6.054806397437122803e+11
3.638835789724259033e+11
7.829277721767802429e+10
9.672115622763637695e+11
8.569151822211643982e+10
8.949728998819705811e+11
3.976936365699621582e+11
2.592591736699812927e+11
5.168882244874216309e+11
1.624665610228215027e+11
