9.727750102399373779e+11
9.207535562412936401e+10
4.885129972262920532e+11
1.637559381997548828e+11
1.488972443706820984e+11
6.439446321829742432e+11
7.332048865424187012e+11
8.011568270720725098e+11
4.153342981024523926e+11
4.314650623127921143e+11
6.473419190751013184e+11
8.724460576265229492e+11
4.308702591750067749e+11
9.659725170247924805e+11
4.901870077331101990e+10
5.074066789454462280e+11
2.114490846661179504e+11
1.043736636884612427e+11
1.501448141028052063e+11
4.708634117211531982e+11
2.924658219348297119e+11
2.594656518929268188e+11
5.740482229507257080e+11
8.765304548544389648e+11
6.901339579013920898e+11
8.882208017886783447e+11
6.742233117417489014e+11
4.210778188195544434e+11
9.967432309483785400e+11
8.217260303167686768e+11
2.227554860224969177e+11
4.190383950947077026e+11
7.124705089198551941e+10
1.708636848176841125e+11
4.976439938222625122e+11
2.819343061924690552e+11
3.133676565464988403e+11
7.513981024234500122e+10
3.513214558013121948e+11
7.497172612439222412e+11
8.978600868292686768e+11
2.724097416901836853e+11
6.673259211103842773e+11
1.358105783008538513e+11
3.715239520088654175e+11
2.400194265055566406e+10
7.401308487760523682e+11
8.181991273646060791e+11
9.106372078535534668e+11
7.124191222254111328e+11
7.214056694692877197e+10
1.633263072666333313e+11
5.033074182683348999e+11
3.858629105767742920e+11
2.451456752370052795e+11
4.961693085418637085e+11
6.826965737717453003e+10
8.471080831450690918e+11
9.914578571333310547e+11
3.225374046477346191e+11
5.952459996599514160e+11
7.743173471061058350e+11
6.515342888886969757e+10
1.458022533672153015e+11
2.900176916461243286e+11
4.334548613248098145e+11
3.018975934547548828e+11
7.143686143835529785e+11
3.785395144786152954e+11
1.381760656526223755e+11
3.662092166913509521e+11
2.523633724606170349e+11
7.021223417250902100e+11
7.974133296944849854e+11
8.462717480498559570e+10
4.553826910178665771e+11
3.016028454946494141e+11
5.286070808395406494e+11
1.827372706649357605e+11
3.445767115222056274e+11
3.721437283035337524e+11
9.380448109172360229e+10
4.201901002815270996e+11
7.517274797324614258e+11
1.864875601701324158e+11
7.429658511766201782e+10
9.089737099445722656e+11
6.659500628413998413e+10
2.729936503400011597e+11
5.870144160757319336e+11
5.928926842031955566e+11
2.394093753324815979e+11
6.734552325071175537e+11
5.488753890854490356e+11
1.872025506327493896e+11
3.609958001821661987e+11
1.660217993794876709e+11
2.504528788599387512e+11
7.671922613347657471e+11
6.228702490538060303e+11
