4.777786348526202393e+11
9.199597140895061035e+11
3.569379015323967896e+11
3.721709297950692749e+11
8.234868821901710205e+11
6.166002700843480225e+11
5.421170244663657227e+11
2.626860954327253723e+11
3.381232347138878784e+11
5.153532777767088623e+11
5.914716197176391602e+11
4.183667642097941284e+11
4.791326396008825684e+11
6.086312035534907227e+11
5.950618528493365479e+11
7.179899214280477295e+11
7.483191857685350342e+11
2.245146530533940125e+11
5.830845229414161377e+11
8.969132872307983398e+11
8.312339392797824097e+10
8.643132323150063477e+11
2.138663757447067871e+11
5.274011032778237305e+11
9.800468352538660889e+11
8.089283355473544922e+11
8.624497533109846497e+10
3.925238236087878418e+11
6.829754042484334717e+11
8.563222045765313721e+11
5.678341951336704102e+11
5.193403860424911499e+11
3.803829164211076660e+11
5.558347467771513367e+10
9.515263957445336914e+11
6.120622450390142822e+11
5.862654670327902832e+11
3.959101097255676270e+11
4.255023373041072998e+11
5.699581495817943115e+11
4.544836147554684448e+11
3.921237203209456787e+11
2.826021119603403320e+11
9.259025144455093384e+10
5.143437919972080688e+11
2.542295427416841125e+11
6.227360061066403809e+11
9.568025911486315918e+11
5.212052364025047607e+11
6.476870370081710205e+11
1.559014467755407410e+11
6.128564335830823975e+11
3.441547636059341431e+10
9.375756385369123840e+10
7.681214107060852051e+11
2.294360906123803101e+11
8.131150834283062744e+11
5.735131556835935059e+11
9.502314770929783936e+11
6.533659337037834473e+11
5.070453588536701050e+11
7.510137324582727051e+11
6.821631424931096191e+11
2.443958580549311218e+11
8.652033111153060303e+11
1.372058913906886339e+09
3.600569340381840820e+11
1.179997469788983002e+11
2.435046050552416077e+11
8.710232584143084717e+11
8.649784838808299561e+11
8.136044460846735840e+11
7.235087527426070557e+11
7.213634192184240723e+11
4.545934771428107910e+11
6.897022475612541504e+11
5.037281626773469849e+11
7.819604824659497070e+10
1.025467911385254364e+11
7.801081848656322021e+11
8.957672083971289062e+11
1.687484503238981934e+11
6.030399135903764648e+11
5.526462013854514160e+11
1.199016720500137024e+11
7.835748028006038818e+11
9.894439428774158936e+11
2.137391630141957092e+11
5.383783609324429321e+11
8.927207511742031860e+10
4.037882204024835205e+11
9.921730279804570312e+11
3.802633082729668579e+11
8.378385282928012695e+11
7.664459812254527588e+11
4.207962294684508667e+11
2.032940792860316162e+11
7.908436071351788330e+11
8.803438988470778809e+11
8.537190103319400635e+11
