4.461667648265438843e+11
2.505646171166625595e+10
3.752978667895126953e+11
1.836838601146984863e+11
1.672349497535603142e+10
7.571442128129709473e+11
4.406024749678509521e+11
7.384823462044320679e+10
9.113091933793582764e+11
9.785823295066960449e+11
9.445098389063872070e+11
4.928222508880770874e+11
9.187128710381961670e+11
5.333413471064042969e+11
5.211288732157887573e+11
8.268650522130585938e+11
8.633460744834100342e+11
7.053672578663476562e+11
7.094422728077546387e+11
4.555354999303920288e+11
2.651450113979375610e+11
8.646990280431298828e+11
1.385525177212528992e+11
3.003181320646334229e+11
4.594794275296070557e+11
7.162511805963874512e+11
1.166340836751037140e+11
9.564729298963455200e+10
7.223222275201516113e+11
1.891791387614804382e+11
3.942471353200258789e+11
8.290954927380073242e+11
1.404733212880686646e+11
8.243718950305651855e+10
8.525730535498424072e+11
7.307361112708757324e+11
3.930228043162552490e+11
5.455923094089191284e+11
6.372796982134345703e+11
9.508317694455247803e+11
7.142488370278525391e+11
3.261740807668563232e+11
5.665324969811260986e+11
9.612998521179730225e+11
2.905177792217514038e+11
7.144367856002875977e+11
6.138972414717125244e+11
4.314317971192767334e+11
9.340243743680584717e+11
8.551150753711767578e+11
3.832089083423574829e+11
9.397503871467662354e+11
2.070765116287007751e+11
3.110411880489231567e+11
3.821263782298699951e+11
5.212233413284714355e+11
3.774375375456528320e+11
5.116141617684347534e+11
1.543648635298864136e+11
2.684573871199240494e+10
9.332414182717892456e+10
7.500658101167100830e+11
2.898486484604232788e+11
3.788084813808479004e+11
8.917923406226547852e+11
6.263123928091343994e+11
9.826477228028399658e+11
2.775158536380237427e+11
6.840303229362955322e+11
2.904292626153075562e+11
4.140337462099954987e+10
1.374374888254763794e+11
1.142497959904969025e+11
2.590903623326820679e+11
7.974933351827852783e+11
6.525387344855662842e+11
4.765236676315982666e+11
6.452706594297675781e+11
2.700813926044244995e+11
8.344809329721282959e+11
1.158371060616712799e+11
8.390365119107777100e+11
5.481229058112555542e+11
2.594372409090556335e+10
3.055539223047952881e+11
4.418086628853184814e+11
7.074415892973792725e+11
2.347945896827131958e+11
3.383919327497546997e+11
7.651532546094250488e+11
2.509657272173843689e+11
8.963909705391922607e+11
5.099992879637141113e+11
3.415212587858129883e+11
6.121722922967325439e+11
2.627261282252541733e+10
9.555792241732288818e+11
1.521519032176193848e+11
4.431194434037843628e+11
5.541554296150008545e+11
