1.114008598627842255e+11
6.650291553168854980e+11
4.100387894096739502e+11
5.330463941882084351e+11
3.413711779520928345e+11
8.832595746529669189e+11
1.394658035627716064e+11
4.558677081907393188e+11
3.408387949830160522e+11
8.981199149122764893e+11
9.559520077106932068e+10
7.481292465845664062e+11
9.578317021424771729e+11
2.540076201930421753e+11
1.871926155134736633e+11
4.589963218787579346e+11
7.215630748911639404e+11
8.285644997743182373e+11
1.627528880648398132e+11
2.332948657679004822e+11
3.006161110253124390e+11
2.239390686559829102e+11
2.175122711654524536e+11
9.604478468566788330e+11
5.602087122446638184e+11
5.876613635313901367e+11
4.497566555897901611e+11
1.819222738229118958e+11
9.206711700628319092e+11
3.036055440710029907e+11
7.332138867910736084e+11
8.159097399304399414e+11
7.879505668132036133e+11
2.452308447068995361e+11
9.869666804831567383e+11
4.491385404937165527e+11
4.660492536136988831e+10
1.379164155330704346e+11
1.989820248339370117e+11
5.218172122016222534e+11
7.725309770227833252e+11
8.719288336381140137e+11
7.243605005117637939e+11
7.135765540582404785e+11
2.740356203982556763e+11
9.265741806689072266e+11
2.248241137098941956e+11
8.258752381799908447e+11
4.583349875975816040e+11
5.619266197147135010e+11
9.138255848271138000e+10
2.054319237086323547e+10
7.895662958016074219e+11
1.360537171937821770e+10
4.320484740976283264e+10
5.253805963399952393e+11
5.574511884401254883e+11
6.747047639040848389e+11
1.381128038140963135e+11
2.060985762950387878e+11
7.135959769833326416e+11
4.951714819689862061e+11
6.276470804595404053e+11
8.352899517690858154e+11
9.236772587578199463e+11
6.283112158269200439e+11
4.929126005586382446e+11
2.634371108859957886e+11
3.851972135130733032e+11
3.099189411469117432e+11
7.351714331719874268e+11
4.259061694007091064e+11
7.539659987269100342e+11
7.327421690661173096e+11
6.807506886883303223e+11
7.786825090708513184e+11
5.819504215493215332e+11
6.289209219127735596e+11
4.431364601418668823e+11
9.558364830095163574e+11
5.285003941588963318e+10
1.764398075710812378e+11
7.420815863188956299e+11
7.751634569541647949e+11
9.194527997343221436e+11
1.803329520723492126e+11
6.848659066980522461e+11
8.345861780132534180e+11
2.399619418749683228e+11
7.076787051230681152e+11
2.374573883194322510e+11
5.755420139859608154e+11
5.592168742250953369e+11
6.683625744250185547e+11
2.730851193958397293e+10
4.399366804993630981e+10
7.153860107607730713e+11
4.649523801202114868e+11
7.040514468628077393e+11
3.017764868522739868e+11
