7.311909324705666504e+11
9.000492135719830322e+11
6.809542281668245850e+11
4.602528402803145409e+09
7.830191183455670166e+10
8.589838254881154785e+11
7.212077673107156982e+11
3.270889644638310547e+11
7.910257630108531494e+11
3.009999518729577026e+11
1.411573597742899780e+11
5.285684617871458130e+11
2.960532615338308716e+11
2.217150638312997131e+11
5.689506550684627686e+11
5.625643908670819092e+11
1.235378017437577820e+11
6.035467042714154816e+10
5.080019110418466187e+11
5.789198488434078369e+11
2.917560561599718018e+11
2.958196846158753204e+10
7.800755827724377441e+10
6.460930632922873535e+11
8.423255045656497803e+11
5.763076810592395020e+11
9.060962219498062744e+11
2.107033316892645264e+11
6.640478575459666748e+11
8.946958498045068359e+11
9.471889629787669678e+11
2.618531686262318420e+11
3.495942258625654297e+11
7.558096292370368652e+11
2.612453077576940613e+11
3.722255050707742920e+11
8.757769845435133057e+11
8.949746009518103027e+11
1.989749745422619934e+11
4.612788245088825073e+11
6.005059441108192139e+11
6.098081983458961182e+11
1.060036484931962585e+11
9.125047644409045410e+11
8.165172373544380188e+10
7.483208990560688477e+11
1.210299866892734528e+11
3.776452180823192749e+11
2.163138550870890808e+11
2.007994693103273926e+11
2.127258701613417053e+11
4.134161564020941162e+11
4.558995402078687134e+11
9.427352217025822754e+11
8.291562435168389893e+11
5.338954749843455811e+11
2.087932285688355637e+10
6.920525285984107666e+11
5.670746867183575439e+11
2.837485951992009354e+10
6.422850384122437744e+11
4.925782229339143372e+10
2.897984998480093384e+11
4.490453725714036865e+11
8.045656529311373291e+11
2.014725412890642700e+11
3.491434885796027832e+11
2.080400631522247009e+11
2.894921124660156860e+11
3.326511096917097168e+11
5.191569532604545288e+11
1.072105253121770630e+11
8.212395247172756348e+11
7.984754480695257568e+11
7.321066740964483643e+11
3.350223148833047485e+11
9.197049061466606445e+11
1.571717009172557983e+11
9.614986930777218018e+11
6.946073572280891113e+11
6.005409796734454346e+10
2.384155178924318542e+11
5.561166585492618408e+11
4.734228111093562622e+11
6.313135705360231934e+11
6.321546093688531494e+11
2.891919046843184814e+11
4.615783340434822440e+08
6.929171626822152100e+11
6.870324442040498047e+11
7.191376987541486816e+11
4.321867570260802612e+11
8.768958598156811523e+11
6.427659607496386719e+11
1.521509412709600525e+11
1.313955302620387268e+11
5.984727220036601562e+11
9.651396169418663330e+11
4.481168835484810791e+11
8.896340953474674072e+11
