9.946478821941242676e+11
8.846324707465845947e+11
9.467943016901444092e+11
2.046716812953783569e+11
1.941440459661837769e+11
5.069078188302227783e+11
2.574007770854453735e+11
4.215291831725936890e+10
9.180118425312788086e+11
9.491888527898052979e+11
6.166034582382682800e+10
7.857846082865136719e+11
4.421316664655380249e+11
1.938361976592202377e+10
5.250977085950417328e+10
7.192917657129987793e+11
6.431944353102817383e+11
8.042783521136544189e+11
9.828255474677097168e+11
6.811716567285120850e+11
9.801052915294366455e+10
7.783616914003465576e+11
5.351544080817066650e+11
2.995313933010634155e+11
9.129153683860443115e+11
6.969309025623431396e+11
6.588705280352313232e+11
1.379286627381306458e+11
9.564945122307777100e+11
1.136616729212770996e+11
3.805444111749899902e+11
6.769493268598778076e+11
1.001100834507457275e+11
1.321104485676139221e+11
1.220060166093324432e+11
9.052528194043554688e+11
7.841211120425200195e+11
5.440037660777004395e+11
6.706373032731802979e+11
7.384082563219685364e+10
1.738740988651429443e+11
9.157234766042567139e+11
1.909389220534487915e+10
4.938988209678878784e+11
1.709963828377525330e+11
9.893287458938564453e+11
8.155958511160738525e+11
9.059783591691329956e+10
2.654040182239057617e+11
4.792355413056115112e+11
7.954993426779534912e+11
6.518645303425864258e+11
6.863421258369592285e+11
3.756253357830585327e+11
6.318611411076740723e+11
3.573568168140957642e+11
5.680585006637692871e+11
1.293542743982544250e+11
3.767031095348160400e+11
9.612822201241932373e+11
9.157944863032694092e+11
1.643651646922015076e+11
7.091167695377917480e+11
7.404774984369196777e+11
2.452381613301622314e+11
2.748710958225976562e+11
9.731173089455689697e+11
2.823267382187758789e+11
3.151057824006526489e+11
7.829886795246285400e+11
1.280856839558950615e+10
7.260984927570915222e+10
9.157388954014617920e+11
8.221430790238175049e+11
8.331578170401479492e+11
8.615306418630055237e+10
9.243535046768669434e+11
4.261718757496224976e+11
3.859825484038435669e+11
9.655932486291994629e+11
6.787646467687739258e+11
9.867880094116442871e+11
2.585568636268085632e+11
9.581869576494910889e+11
3.426350623494748535e+11
6.690742061978184814e+11
2.801837470516497803e+11
2.110228405741055298e+11
9.693844105506783447e+11
3.666913184267802734e+11
3.932993600219791260e+11
4.619986795644830322e+11
1.415938787860746460e+11
5.206961398109795532e+11
9.093039051843922119e+11
3.160610578569537354e+11
1.592852280675182800e+11
7.699479365225944519e+10
3.815838064370396118e+11
8.422404533685829163e+10
