2.398241703949164429e+11
5.701331829511640625e+11
1.849073580005698547e+11
6.523757634553328857e+11
1.281942118329710236e+11
3.322199699754333496e+11
8.742871974908948975e+11
8.900126350416584473e+11
2.005210642376878967e+11
8.660836357533541260e+11
5.639808309161182861e+11
7.251681731236470947e+11
5.342197014673736572e+11
2.405937048521562805e+11
7.510556340812110596e+11
3.224850402516494141e+11
4.267211249111175537e+11
4.947282451855400391e+11
9.929946764651501465e+11
3.381454469620664673e+11
6.194433076474927979e+11
6.058672127835859375e+11
4.679184887026914062e+11
9.533373494173326416e+11
7.114825804225413818e+11
2.449566028100267029e+11
3.521072012309932251e+11
2.674033481297823486e+11
9.442293460112143555e+11
7.019875461460986328e+11
7.459859324423414307e+11
9.223527388486561279e+11
8.195856463510924072e+11
7.692528417139016113e+11
7.717368396826036377e+11
7.859757878707679443e+11
6.936409630633121338e+11
9.241967301038205566e+11
1.328436313441159973e+11
5.819138416742998047e+11
8.755582061926662598e+11
9.715823662659938965e+11
6.063769480879715576e+11
4.757401209167349243e+11
5.489707267982629395e+11
8.544173220537891846e+11
6.877616430951542969e+11
4.296110017027665405e+11
5.303367425277022705e+11
4.800834098329632568e+11
8.555320882177268066e+11
3.802804870182881927e+10
4.341317747527830811e+11
7.241700855051766357e+11
6.347567847083034668e+11
2.554652153554928589e+11
5.789187581113419189e+11
6.997987068557615967e+11
3.057910431967837524e+11
7.343085385426809082e+11
8.850157503246202393e+11
3.472565545759143677e+11
5.857510825520323486e+11
5.404434356614743652e+11
4.285569806028865967e+11
6.130421528385939941e+11
2.753128963508624268e+10
7.203929076795045166e+11
4.539360449082436523e+11
5.882225013366142578e+11
9.691867934054903564e+11
4.646345051153925171e+11
3.151478688432742310e+11
3.237071259335197754e+11
4.340067868191171875e+11
1.663034457030388184e+11
6.720475774389415283e+11
4.339995987916525269e+11
7.123011825569241943e+11
2.466570848215284424e+11
2.859390169621553955e+11
3.646417559257359505e+09
2.463654535778708801e+11
6.151616360980795288e+10
9.072047063460142517e+10
6.907045369665554810e+10
4.336925569306295776e+11
5.909299768400430908e+11
6.339729936335969238e+11
3.647326908935466309e+11
6.158856338390703125e+11
1.114390477930273132e+11
3.458398462521994629e+11
3.839819123761094360e+11
2.671995934222352600e+11
9.892515442628377686e+11
1.038378395963550568e+11
8.013673777212022705e+11
1.841431461949011841e+11
9.401806945039587402e+11
