6.072343755864833984e+11
5.985397754049443359e+11
2.899180533207213745e+11
8.749653936045266113e+11
5.584915763712611084e+11
6.679533863352877045e+10
6.312516698137967529e+11
3.903778482014063110e+11
7.849236161297934570e+11
5.723612585329678955e+11
2.876585306235538940e+11
1.686793276594046326e+11
5.402418133667980957e+10
9.922626702305257568e+11
8.183832132319479980e+11
2.525472609639331360e+11
3.077051738033920670e+10
4.379215117927159424e+11
9.436528342389439697e+11
2.966315007449156494e+11
1.675969380530604858e+11
7.362003860223088074e+10
1.876995385098202896e+10
6.044836906334124756e+11
4.359682182011713867e+11
6.427770017602401123e+11
6.920363148206661377e+11
6.546051689594443359e+11
2.898922922875765381e+11
4.128704998287808228e+11
1.516505959749513550e+11
3.294044036268907471e+11
9.561365671852674561e+11
7.599769552300479736e+11
3.145656504136432495e+11
8.394336489217248535e+11
3.726405020230344238e+11
8.292532015758880615e+11
2.010138721467715073e+10
7.845122691345345459e+11
8.698307746317390137e+11
5.286791067028684235e+10
7.232059174957780457e+10
6.055734590145125732e+11
2.795379770091798706e+11
1.496005847360273132e+11
8.225658461911873779e+11
8.471217716201979980e+11
6.944294692837183838e+11
4.564808512470855713e+11
2.451830080342730408e+11
6.013206251741038818e+11
7.419668885224477539e+11
3.464944231959541626e+11
4.274198809711470337e+11
2.149050345119463806e+11
5.060276195315709686e+10
4.545909735918704834e+11
3.293254067344984741e+11
3.634109946399472656e+11
5.611485627855725098e+10
6.218515906402442627e+11
3.735531433669508667e+11
8.743247623160067139e+11
7.340964837478760986e+11
4.717905026227288818e+11
1.389287898279450684e+11
7.018341859467869873e+11
1.147614128913805847e+11
8.032790321490219727e+11
3.446128670891275635e+11
6.684914446257762451e+11
1.705885648289926147e+11
3.564321969035159912e+11
9.578530997827998047e+11
3.117646846844067993e+11
5.733522452626557922e+10
7.767717248785123291e+11
3.999525192887066650e+11
7.868284243890374756e+11
3.133220082004229126e+11
1.284683417451854095e+11
5.495348362375390015e+11
3.880400879754674072e+11
9.920752114801602783e+11
9.274808027198569336e+11
4.176285774688557739e+11
7.682323410900264893e+11
2.469530575231880493e+11
7.956916539241640625e+11
6.473590585911561279e+11
8.632087710582319336e+11
5.258359800174455566e+11
4.954157056999919434e+11
9.312903358735349121e+11
3.827538524152949829e+11
7.706818610963264160e+11
7.290593585294055176e+11
3.249368588511829834e+11
8.177337423592838135e+11
