3.400927409801831665e+11
2.827386545504281006e+11
2.244360375278744202e+11
9.304853665418763428e+11
9.437359715347171631e+11
9.492753984721712646e+11
8.805607523258663940e+10
4.121367038399289551e+11
8.664681796692152100e+11
5.456444964697655640e+11
9.844027373367510986e+11
5.045680280140769043e+11
2.938866180043804321e+11
1.528178955012569885e+11
8.501295599756281738e+11
3.317491916156121216e+11
3.826383933193099976e+11
9.549414774931005859e+11
6.847768352228587646e+11
4.864702482583638763e+10
5.415474574824273071e+11
7.048869851640253906e+11
1.979148996074661560e+11
6.736412052699888916e+11
8.482641707247568359e+11
8.477985388489512634e+10
3.832356096387443848e+11
4.781631458709547119e+11
5.141350662463274536e+11
4.734939688233505249e+10
9.976360097898400879e+11
7.929091532749411621e+11
8.499465253924439697e+11
9.415665541194156494e+11
8.840340679048006592e+11
6.877101852973107910e+11
8.276986266556085205e+11
1.105028589175311890e+11
6.109657951800767822e+11
4.933230739372400513e+11
1.517099410981091614e+11
6.410462788593547363e+11
6.728101254465728760e+11
4.761402896248956909e+11
7.593295817162502441e+11
5.106662490333279419e+11
4.039454534648961792e+11
4.233798159696170044e+11
1.679186444315692139e+11
3.402115422572826538e+11
2.267799306902243347e+11
5.774483684617886963e+11
6.192826422345294189e+11
4.099373041574444580e+11
8.008627268285335541e+09
2.306604262585240784e+11
9.784529536920587158e+11
2.933808948667507324e+11
3.305936236113375244e+11
4.583397486978372955e+10
5.975787159537287598e+11
5.026681165557852173e+11
6.980158635155708008e+11
3.097040087006062622e+11
4.078848458515501709e+11
1.541211894024744263e+11
2.222833198050038147e+11
4.872681130964302979e+11
9.063639199216431885e+11
9.263323557736293945e+11
5.311211668724049072e+11
7.503071879136176758e+11
8.197046806114633789e+11
6.680111876218018799e+11
9.498233898385884094e+10
3.355015561818142319e+10
4.441530384583129272e+11
4.270183303232999268e+11
6.639834996813658447e+11
2.016423649963238220e+11
2.930694860261446533e+11
8.336932317339097900e+11
8.093736665743392334e+11
2.749371353379398193e+11
8.158990913748011475e+11
5.802871921809454346e+11
7.996927535932994385e+11
3.436530461314258423e+11
9.051576406677310791e+11
6.645722402694394531e+11
7.662266836186988525e+11
9.827414632071904297e+11
1.666643968775971680e+11
2.860617769746742554e+11
9.209932990045853271e+11
7.333978496476227760e+09
4.219003301081960297e+10
3.928707494091951294e+11
1.461904680739747925e+11
4.473542998022941895e+11
