1.111186026621025391e+11
3.773556490027279053e+11
2.746758065419361572e+11
8.159623569791369629e+11
1.633175900648735962e+11
2.559595028124928894e+11
3.104992140046148071e+11
4.496922776983038330e+11
7.945090802479263916e+11
2.157713414538760681e+11
9.827959681014503174e+11
3.216630106803880310e+10
6.814211901185969238e+11
5.374795341931826782e+10
3.360228268714467773e+11
9.867625746342922363e+11
8.840204853548378906e+11
2.770854140443530884e+11
5.250963548442252808e+11
6.383670621362406006e+11
1.245924558844304657e+11
5.754638082146966553e+11
2.775455641722955322e+11
2.408180791652485657e+11
1.604688525681457825e+11
5.850221625025622559e+11
9.945901206077791748e+11
6.217825633939919434e+11
9.915683539271149902e+11
2.671907171312884521e+11
9.654518132533890381e+11
5.732970930422796631e+11
7.655867864095407715e+11
5.557223447528299713e+10
6.360830873186263428e+11
8.227930993442692871e+11
7.416305074273503418e+11
4.219503937198724976e+11
8.003521417536658936e+11
4.697797108879233398e+11
9.534762011031399536e+10
1.916424282809435730e+11
7.031008418909219971e+11
6.554845810139442139e+11
3.274246229155623169e+11
9.166468272637160645e+11
5.598643427671356201e+10
5.076478650566362000e+10
1.478999880736715698e+11
9.180226958258013916e+11
6.541301407970633545e+11
9.994126754493906250e+11
4.506128264622626953e+11
2.870200956095344238e+11
1.775068337408650970e+10
7.443010242322579346e+11
6.797272155999132080e+11
6.803689248971737671e+10
5.782146523767099609e+11
2.058770021882658691e+11
7.784006208184338379e+11
2.295756492713188477e+11
7.379935256533970642e+10
2.313211653558875122e+11
4.190313145189096069e+11
6.200279209486166992e+11
3.295773948011990356e+11
1.924980720749356461e+10
4.504338263702915039e+11
2.383178156797911072e+10
4.729886677434926758e+11
3.310068532477510986e+11
2.495667070482003784e+10
2.821897933092597046e+11
7.070822911753187256e+11
1.773563914026619873e+11
7.674154962065104980e+11
7.789482084231870117e+11
1.977425612001124878e+11
3.307655924388965454e+11
5.454660427692388306e+11
9.514987217981704102e+11
8.634575769459732666e+11
6.889496361901403809e+11
3.040944905382848511e+11
5.838636181955872803e+11
3.347055561945138550e+11
7.299430447181812744e+11
3.710028037360663452e+11
1.560547552797217407e+11
1.883894356930682373e+11
8.747214636688800049e+11
6.535325263090650635e+11
9.942250830672105713e+11
3.443513250569010010e+11
5.631092571027954102e+11
2.819648653828511963e+11
7.011057042495487061e+11
5.547932341496689453e+11
7.868961372261374512e+11
