2.445482063639443054e+11
9.291762474214147949e+11
4.207217897854833374e+11
7.342504509725817871e+11
3.839906005291754150e+11
7.144892998788103027e+11
6.959293955031807861e+11
1.556612493755620422e+11
1.447353019990537720e+11
2.830613492525111084e+11
4.260607229307449951e+11
4.112895202944801636e+11
4.159297876114124146e+11
7.322232177741309814e+11
3.890137727371387939e+11
5.337167105340590820e+11
8.166869607786236572e+11
6.287517226913598633e+11
7.746773027807953835e+09
8.181479313492150879e+11
2.006408988313759155e+11
8.812450729427143555e+11
8.275518310116346436e+11
1.792248118685088730e+10
8.400464075366518555e+11
6.010498527879515381e+11
4.227897570280185547e+11
6.248667699589262695e+11
3.624061550376557007e+11
7.537639421698070068e+11
3.809681026693687134e+11
9.228116306644439697e+11
3.873977054832308350e+11
8.372248050695827637e+11
4.930180451574041748e+11
3.877143165664216309e+11
4.156934444400321045e+11
3.364059433202342529e+11
5.106775960748385620e+11
7.053882585875724792e+10
6.023613208001798096e+11
1.347662598738892822e+11
5.787680743868769531e+11
7.334619038046412354e+11
7.276857163065186768e+11
4.501292390640848389e+11
2.806008386449526367e+11
8.295476242747764893e+11
8.643355333374833984e+11
7.779941010173888206e+09
8.971386889878409424e+11
6.084665646326772461e+11
3.415951612915388184e+11
8.298501212516938477e+11
1.080103372248989868e+11
3.174101174255829468e+11
4.392897989018026733e+11
7.464924782801346436e+11
4.645503578533496094e+11
2.138618846106067200e+11
8.087827573456000977e+11
4.208680780773769531e+11
4.979998140511235352e+11
7.196801788493186035e+11
5.722371124596365967e+11
7.314222011424594727e+11
9.799042700459908447e+11
5.739580452451872559e+11
3.982413270358923340e+11
2.696651930660744324e+11
4.414764431747128906e+11
1.557285497541312561e+11
5.423580011091961670e+11
6.752795768461672363e+11
9.751425893636988525e+11
2.815193123368383179e+11
5.604125204991625977e+11
6.209764698052751465e+11
2.732164079016611633e+11
7.570240031185946045e+11
1.821488944196014099e+11
6.996865793491468506e+11
1.356518018076264038e+11
9.824508199321900635e+11
9.371592296399232178e+11
2.271714025939990540e+11
1.897970201964037170e+11
4.359923528835266724e+11
5.270355437502345581e+11
9.828882326570368652e+11
7.524472301385970459e+11
2.794248082927576904e+11
9.459635935417185059e+11
1.167215247106508789e+11
7.629171881540993652e+11
7.858417416328691406e+11
9.020263053479586182e+11
1.321943070264756622e+11
1.381413136629308167e+11
8.773031092291968994e+11
