1.103987311057789001e+11
4.609070714473435059e+11
5.458136552113031006e+10
8.350411202376308594e+11
6.682038621777438965e+11
1.358414463094390259e+11
8.985541715471401367e+11
7.932915076450864258e+11
6.463114203520875244e+11
5.741201217182094727e+11
5.391948757062136841e+11
9.564360650032760010e+11
1.656875548808405151e+11
8.237872864620563965e+11
1.076766493161652069e+11
7.859285044460780029e+11
7.084570335617327881e+11
5.648762085433620605e+11
7.282350202131414795e+11
8.628071070281109619e+11
4.485907078401015625e+11
1.118121061381175537e+11
1.518859731841528931e+11
5.755063759050463867e+11
1.441100985471990356e+11
8.887938297448331299e+11
1.948497892514375916e+11
9.071432797489055176e+11
5.002754294830348511e+11
4.925917915231892700e+11
4.637397580719909058e+11
3.700133095527908325e+11
6.735533702212728271e+11
7.211984722232564697e+11
8.279290992055675049e+11
8.385486273401593018e+11
8.870894991625891113e+11
2.095289342934284363e+11
8.764187519670048828e+11
4.917982655209748535e+11
1.663117584705649109e+11
7.502811493765869141e+11
3.931064497820459595e+11
4.338186041549619751e+11
7.568465059280357666e+11
7.199218251822498779e+11
6.085017706385013428e+11
5.600091354768474579e+10
4.692440288001303711e+11
7.855170158603367920e+11
9.416375149967449951e+11
7.568877703703326416e+11
1.398356634026687927e+11
3.846990941602470703e+11
6.845467349980738525e+11
7.966942256012543945e+11
5.676598108724428711e+11
6.795737499624907227e+11
5.979324597494846344e+10
4.967924905912987518e+10
3.348147625216455688e+11
7.928533373355657959e+11
1.591660760590893555e+11
4.622777779420768433e+11
4.238201938153786011e+11
7.264139324281358337e+10
3.368937801062507935e+11
6.822247589736663818e+11
8.145186837059371338e+11
5.780663629431054688e+11
8.339214500160587158e+11
9.838735075062971191e+11
7.636870594267486572e+11
3.629934558167540894e+11
6.802070798512684326e+11
3.383409073580073166e+10
4.946801659179152222e+11
8.367055242138913574e+11
7.023261352548514404e+11
6.236659835599442139e+11
7.475645187055944824e+11
5.849300160433238983e+10
1.325076529679288483e+11
6.191284391119581299e+11
4.140950161546667480e+11
4.269577131670457153e+11
9.717917592936743164e+11
8.517544377813306885e+11
7.675682921545861816e+11
3.071774055577630997e+10
9.056826546580030518e+11
1.333399684593660431e+11
9.689657572872945557e+11
9.005358850321287842e+11
2.667614651496351013e+11
8.141218205996904297e+11
7.512187942826282959e+11
7.305644246557681885e+11
4.621385476250745239e+11
4.286393205795218506e+11
