3.344456040510115967e+11
7.723327559533858643e+11
9.283425705583813477e+11
4.197299641778375244e+11
3.060689427307367325e+10
1.826079476507954788e+10
5.313960867222441406e+11
6.011259052935306396e+11
3.787094803736411572e+09
6.705115619416439209e+11
9.732683391704741211e+11
5.482186084387405396e+11
8.065812805983891602e+11
1.182791743474134064e+11
9.389057058518004150e+11
1.095452151936507416e+11
6.198019448834956360e+10
1.248738210748128662e+11
9.307265147742692871e+11
4.634991152735127563e+11
4.617865939430106812e+11
5.440847791180775757e+11
5.103023348094531860e+11
2.971097928827227783e+11
5.874793068812600708e+10
5.083478621748854370e+11
1.025964265616305733e+10
9.128845750217728271e+11
5.491200244771961060e+11
8.788979665894359131e+11
7.595123645142701416e+11
7.831131812980675049e+11
4.191847263661692810e+10
5.749168755710905762e+11
2.438097056848142090e+11
9.986257937327265625e+11
4.715545640353175659e+11
4.603046842835791016e+11
5.053741177088088379e+11
1.478442788657193298e+11
1.863535203734212036e+11
1.902735569694754944e+11
4.823475909520059204e+11
1.740115242858518677e+11
4.267520143697164917e+11
1.901338530144751282e+11
7.713775760754786377e+11
1.774804452803764954e+11
4.912355494925692749e+11
1.551592656508213501e+11
4.430741610607648468e+10
2.540960062679601669e+10
1.027843917170342865e+11
3.447366441211804199e+10
4.185945184366654053e+11
5.033807643796598511e+11
9.399451823136180115e+10
8.068873079267661133e+11
8.167335209714697266e+11
8.580839268177996826e+11
7.454290832057026367e+11
3.625971185735176392e+11
5.884091541826599121e+10
8.950788475752277832e+11
7.907206640513623047e+11
1.832522026027814636e+11
5.824669493505036621e+11
2.840829172043146973e+11
5.550394058300607910e+11
4.975214149779816284e+11
8.160000634766469727e+11
3.486587135356439819e+11
6.139197865840581055e+11
2.264745251859191895e+11
6.979607483447513428e+11
7.948770808572208252e+11
7.359659864507203369e+11
9.947315736191229248e+11
1.135423432890016479e+11
3.070670543019872437e+11
3.324020808038570557e+11
1.551502784537811279e+11
7.602414703094925537e+11
2.590521516190429077e+11
2.173969113012248535e+11
6.901033095540083008e+11
3.778434303113363647e+10
7.290742912985264587e+10
7.687580015434978027e+11
8.564391712687102051e+11
1.685792573232884407e+10
8.630476172511954346e+11
1.660181572464731445e+11
1.428268995471155357e+10
5.294491633562465210e+11
3.133462761561712646e+11
9.518454781287620850e+11
8.279252035981250000e+11
9.329160249069674072e+11
2.560692777756285477e+10
