4.039523818198361206e+11
7.927307323086575928e+11
7.918258176162288818e+11
8.726218030305123291e+11
3.196063480642597656e+11
2.031410514215344238e+11
6.819317156406056976e+10
5.200242255653828430e+10
2.668408427172484589e+10
3.918987867102192993e+11
1.126435945945188446e+11
4.934222240488402710e+11
3.596612287939424438e+11
2.206592252543720703e+11
6.568226084540347900e+11
2.173600667112135925e+11
4.529831529530618896e+11
7.019120170616711426e+11
4.957198051965706787e+11
2.074146573464701080e+10
7.866875684445592041e+11
3.852774887838728027e+11
9.319501682244775391e+11
1.762293895420220337e+11
5.730850718147174072e+11
8.005106603459365234e+11
8.145545168959151611e+11
8.611346300531329346e+11
1.991728042198210144e+11
2.383709533813777161e+11
6.861280671937884521e+11
1.820431048316941223e+11
4.229090604731206055e+11
5.581709131583277588e+11
4.913700836432490234e+11
4.499716096927399902e+11
7.516757839213405609e+09
2.893939871415678711e+11
6.987601611722980957e+11
9.432094392399154053e+11
8.528319531480955811e+11
8.042310298854993896e+11
4.151276669522648926e+11
3.169348354815699463e+11
4.414291733085904541e+11
1.176263322066566010e+11
2.761740259439431763e+10
2.823100790864560547e+11
6.285057634797879639e+11
1.830729352748066406e+11
9.677691428287833252e+11
8.069204413674179688e+11
7.538422900926938477e+11
9.347427518209858398e+11
8.351014353110668945e+11
6.451418388435830078e+11
7.089236767522833252e+11
3.276850137131793213e+10
3.729114548422011566e+10
5.948944439090279388e+10
1.700832239946514893e+10
6.115852933124486084e+11
9.145977416234639893e+11
5.529912959204362793e+11
2.594105989382654114e+11
8.104842173611077881e+11
2.475776595952229614e+11
9.665051638303437500e+11
4.590647741968043823e+11
8.377870236291070557e+11
6.889603128797219238e+11
6.523583797753544922e+11
4.789577271540155029e+10
7.626675472565389404e+11
4.927544391616326904e+10
9.239023300460396729e+11
7.139124116314431152e+11
4.415671245729187012e+11
8.009733648560666504e+11
8.417232484097596436e+11
7.409628862019250488e+11
1.596690905781772461e+11
9.388295373432401123e+11
5.441462079419798584e+11
9.907777516807189941e+11
1.433817382987946167e+11
6.561727243891008301e+11
6.601755840464646912e+10
8.821264295796723633e+11
8.446163105458826904e+11
7.980192567677124023e+11
8.787885683538487549e+11
4.910078313344054565e+11
9.180818450051977539e+10
6.570093020756583252e+11
2.168491567229315796e+11
3.199422950045601196e+11
4.745173217368002930e+11
5.714587271517341309e+11
1.031465205218149567e+11
