6.329265964210152588e+11
7.564985979196364746e+11
6.575125657504422607e+11
8.351865542237249756e+11
7.321827012093659668e+11
4.992763705283383179e+11
4.335467540405405884e+11
5.976345084661573486e+11
3.056767982054756470e+11
1.341130442438297729e+11
6.102100075749776611e+11
1.339734014444962616e+11
5.469146506757400513e+10
2.931104931257749634e+11
1.367235373603602142e+11
6.398329879577735596e+11
3.404578590997556152e+11
2.860137153374349976e+11
6.140978896742712402e+11
2.242740296953409424e+11
6.325176664990891113e+11
9.308265199900919189e+11
3.593005819619558105e+11
8.605378296668443298e+10
7.462420879857239990e+11
6.559079062618603516e+11
1.928094728642614746e+11
5.974653700811389160e+11
9.972785907259057617e+11
5.538952163195290527e+11
7.751739600933011475e+11
7.869154300175253906e+11
4.845570784448077393e+11
3.908383124100973511e+11
4.755496471321231079e+11
1.964196001419852066e+10
7.939965160087004395e+11
1.242521485246645966e+11
6.821608554304282227e+11
4.453351415089201660e+11
5.041971798129534912e+11
3.482942495471497192e+11
3.165121892150756836e+11
7.819329228027249756e+11
7.436648079829274902e+11
1.919135682729932861e+11
9.513893661373107910e+11
4.912795651178626709e+11
9.978121908638698730e+11
6.635851046477852783e+11
1.677511783656950989e+11
3.725908422935598145e+11
9.053076245001013184e+11
3.347382510103479614e+11
8.790623831915024414e+11
5.276317670672146606e+11
7.866987755407319336e+11
1.022345363800456848e+11
8.249883003936901855e+11
7.875145094813377686e+11
6.666346499430380859e+11
4.678290404276253662e+11
6.288950693920037842e+11
3.219760338689002686e+11
4.848583603578112793e+11
1.629733643906674805e+11
9.565673698110488281e+11
9.262950346863250732e+11
8.060429415390285645e+11
2.111220193001083984e+11
3.294584024199292603e+11
4.535259891002392578e+11
2.538502011309679413e+10
1.581288925759205322e+11
7.431473676056763916e+11
4.075602450180800781e+11
8.739880830706072998e+11
7.566193760142705078e+11
2.181027432204945679e+11
5.373055354731097412e+11
1.270957908819790192e+11
2.167918383109866333e+11
1.416854435941329346e+11
3.540442733704444580e+11
2.166132694609866943e+11
6.010652173872307129e+11
3.757256269198577881e+11
1.823818024770755310e+11
2.102169771796236877e+11
8.286240104945098877e+11
6.586193642631571045e+11
8.926124747090045166e+11
8.294248768813084717e+11
3.182740717833114014e+11
7.066965022956175537e+11
9.617301208282811279e+11
3.451317831691869507e+11
6.907414357930775146e+11
6.699520670363266602e+11
1.996546813790843506e+11
