8.137481576310205078e+11
3.747255383262022705e+11
7.741479478999559326e+11
1.649661911816878967e+11
4.726864580573680115e+10
8.412753356327290039e+11
7.698240744663479004e+11
8.223026601784530029e+11
1.168158881102384644e+11
8.216199729777722168e+11
5.092056778344202271e+11
8.159579613731427002e+11
2.035271077524520874e+11
8.196485675545823975e+11
3.631798580452880859e+11
2.845026229424740601e+11
1.497184221775848694e+11
7.077402949473731689e+11
2.259866959509387512e+11
2.269160393119969177e+11
1.850129688753083496e+11
2.142718925960792847e+11
5.911307404862401123e+11
7.245005381425043945e+11
4.947817475583966064e+10
5.911709591819974365e+11
1.702490869894088440e+11
8.617265235034136963e+11
6.922970062334226074e+11
8.556806244872410583e+10
4.506327291080937500e+11
8.942296496987125244e+11
1.614644383129954834e+11
1.556728089066293945e+11
5.437600143560236816e+11
7.458091509071325684e+11
2.729522135567656555e+11
5.068030685204461060e+11
2.416439258342685852e+11
1.777759408232906189e+11
9.122251883401876221e+11
3.451322061192118530e+11
2.395984811334556274e+11
7.921044371536207275e+11
5.803174875000528564e+11
7.815459977537362061e+11
1.931820075751121826e+11
8.481530481028361816e+11
7.531386521393199463e+11
4.470664422103904419e+11
5.262753706942190552e+11
2.601126102493101196e+11
6.423199701543570557e+11
2.455590318487315674e+11
1.514738228592159424e+11
6.932346919267166748e+11
7.574433735511422119e+11
2.693143391584108887e+11
9.073526978839575195e+11
3.786653353690226440e+11
4.947707617484728394e+11
4.644618243558341064e+11
4.683115858969836426e+11
9.929024797700899658e+11
3.622152444977252197e+11
2.866716599057294846e+10
9.274230927339245605e+11
9.311361534167819977e+09
2.356958610231454773e+11
5.445280169014949341e+11
5.275118262327266235e+11
5.478409574588601685e+11
9.581176677838709717e+11
6.257318079104893799e+11
8.736757539556502686e+11
5.688330751370430908e+11
4.755259685319738159e+11
8.676299551020329590e+11
3.401498599619104004e+11
8.413835774861934814e+11
1.096845753765346680e+11
6.901258244039296875e+11
2.156883304353914185e+11
2.957867447500292969e+10
4.772454623192030029e+11
4.790095613032583008e+11
2.828036410140111084e+11
7.619454983335778809e+11
5.453310596744828491e+11
7.153841814645579834e+11
1.301833343413713684e+11
8.624492760900153809e+11
1.053254758632435303e+11
1.336335120494579010e+11
5.360111522346763306e+11
5.502550580992327881e+11
3.382668929727554321e+11
8.619932558040932617e+11
1.041370449424663696e+11
1.397508612502317810e+11
