9.024037686671149902e+11
6.337611664226339111e+11
9.658328778501649170e+11
3.772911608128241730e+10
9.804031509900747070e+11
3.338217258086975708e+11
8.980775144878984375e+11
1.851706111088894653e+11
2.375853636854341736e+11
9.633323158348588562e+10
7.420358878317008057e+11
6.835718146557452393e+11
8.117304690490522461e+11
8.286754721460272217e+11
2.079708067327400208e+10
8.623202449760170898e+11
3.766153656289727783e+11
1.194585235026678619e+11
8.379803794343446045e+11
3.373811072511761475e+11
6.096587184401018066e+11
5.126084560823620605e+11
5.978195911258812256e+11
2.332834141182289429e+11
4.576435484474541626e+11
1.104940398627459717e+11
1.590477705113789368e+11
9.037052373820140381e+11
4.133743038202580566e+11
5.912857220477453613e+11
4.217889888485697632e+11
9.343108363992878418e+11
4.904394757937551880e+11
9.916308907840939941e+11
6.341221494695290527e+11
1.485135184477142639e+11
7.588511792938464355e+11
7.746335664267015457e+09
5.123675205479769897e+11
4.862198201067219849e+11
1.714142504691166382e+11
9.596520096112963867e+11
6.092009168293827057e+10
7.468923291114086914e+11
3.196602265206250000e+11
8.232216661778645020e+11
7.662233193324877930e+11
9.273856355725404053e+11
7.062271293685816650e+11
8.522362763043263245e+10
6.783177190380831909e+10
8.118777182661337891e+11
8.005223814983695068e+11
9.577355797011203613e+11
4.292863814279685669e+11
5.186112047649025269e+11
6.478185771335982666e+11
9.641442163389919434e+11
5.422954371274276123e+11
3.398070019019229736e+11
4.670829261232150269e+11
3.306251486721146851e+11
2.539514458718499756e+10
7.858199377946871338e+11
4.701824268079552002e+11
3.908331562778801880e+11
7.922507864757933350e+11
1.117882040108392334e+10
2.248174538933358765e+11
9.839996298367248535e+11
7.786968623885457764e+11
5.697566461641092529e+11
8.563546019011484375e+11
1.084975304102359009e+11
4.429595988356870728e+11
2.399102179803572083e+11
9.137745614063015137e+11
1.128002161763609619e+11
5.750856876278995361e+11
8.577338988132662354e+11
1.969930409442382812e+11
4.245799070238051758e+11
5.970263189371417236e+11
4.482388695109773560e+11
9.231124169217521973e+11
2.800240718048311157e+11
9.192923915170283508e+10
3.248855612504686279e+11
1.463091569338805237e+11
3.656777741309885864e+11
8.856061668872819824e+11
7.209587016936895752e+11
9.543693866427423096e+11
9.944496663645772705e+11
8.337353100092545166e+11
8.029417838994846191e+11
7.681409635960313797e+09
1.289482062365536499e+11
3.378342364922981567e+11
4.806757351755533600e+10
