7.977828505419078064e+10
6.578372864527214355e+11
5.416376258440493774e+11
4.022573832200264893e+11
1.649721999866136475e+11
8.031688883079855957e+11
9.771636503360324707e+11
1.861331030728502197e+11
8.501397838469293213e+11
9.379080343562944031e+10
9.096799445520866699e+11
4.078145520939400024e+11
3.188499918802158203e+11
4.428775795899565430e+11
5.485532266685305176e+11
3.078455425895031738e+11
4.605521174127048340e+11
5.716986889544946289e+11
3.792603923558090210e+11
5.496935766998656006e+11
8.495571196950748291e+11
2.089361084325860596e+11
4.410700974107066040e+11
2.538140653467773132e+11
7.276558763988654785e+11
1.116801851462710114e+11
8.025472600610188293e+10
3.112559837705398560e+11
4.680647738640972900e+11
3.089467496874963989e+11
2.102024150609903259e+11
1.177212461022624054e+11
8.473712124381899414e+11
2.732570433934710083e+11
1.775148574454680481e+11
4.298476894703239746e+11
7.515970717339949951e+11
3.555863754989240265e+10
2.270474303128579102e+11
9.068537200975987549e+11
8.145265923308684082e+11
2.123160513595806274e+11
3.733797869442576904e+11
6.741837397747194824e+11
1.189150687902299652e+11
4.779370518861697197e+09
1.465359021365837708e+11
6.893883470100036621e+11
6.560333126954353027e+11
6.948694942798951416e+11
6.837067005765312500e+11
5.096153782116299438e+10
3.379055691933106689e+11
7.464613482186887207e+11
4.671854504039506836e+11
4.219926692403076782e+11
8.597594458960031738e+11
3.323591288851635742e+11
1.881043381103248901e+11
7.068507035906269531e+11
1.335300687932283173e+11
3.431869441546228027e+11
8.850225057110903320e+11
2.962733819769804478e+09
7.589374492329737549e+11
5.211049213802061768e+11
2.595315955338630066e+11
6.042539154727933350e+11
9.380202978109975586e+11
9.697610907735263672e+11
4.850272267469002075e+11
6.279133671271148682e+11
5.114102269869785767e+11
7.265862464346495361e+11
7.828180551079772949e+11
1.897124064744243774e+11
9.863343152928603516e+11
7.517423426218138428e+11
1.326836556622798157e+11
5.029834170902271729e+11
2.193483315248743591e+11
5.930138956887819824e+11
9.669039409255058594e+11
3.835788289785450439e+11
3.237967409277016602e+11
9.865898450563962402e+11
6.893942420352185059e+11
8.871811509223610840e+11
3.765726695475182495e+11
4.964521592255549316e+11
2.337791542521602783e+11
7.587941682744538574e+11
7.528632038946982422e+11
7.747201253147947998e+11
7.477267774890097656e+11
4.705239297135548706e+11
2.850027576750646973e+11
4.739604322551401978e+11
9.079109526034351807e+11
9.200330905133876953e+11
