7.972204190987875977e+11
6.742500367661273193e+11
6.765523510122283936e+11
6.632720954375706787e+11
9.882163084735548096e+11
8.861199468520510254e+11
3.430147623108125925e+08
1.822123696356528931e+11
4.769816290394907227e+11
1.017921925494765015e+11
4.456191174707960205e+11
4.731785602934694214e+11
5.395027452816613770e+11
7.926476712330451660e+11
1.597506432938147583e+11
9.196031699317390137e+11
4.178042624317191772e+11
7.922349601555502930e+11
7.035602384868559570e+11
4.098123979516866302e+10
7.242529451084000244e+11
4.289049400262951050e+11
2.255904971632854004e+11
7.181575911887612305e+11
6.564960469456713867e+10
5.335006549393123169e+11
7.378383535344710693e+11
1.248079871896481476e+11
5.368107311626340332e+11
8.554846379731085205e+11
1.759547445166668396e+11
2.672189626995704956e+11
3.145524719566615601e+11
9.904542378968045654e+11
5.088874907389992676e+11
1.605406476647685242e+11
3.704344204163640594e+10
7.347571586103581543e+11
3.212805308884508057e+11
5.712525282235466003e+10
2.805859640274208374e+11
1.439718626428326111e+11
4.639158469325114441e+10
5.273109514637919922e+11
2.490978222615176086e+11
2.050273224331539536e+10
8.177249522555000000e+11
6.428863373944936523e+11
9.903534551118498535e+11
5.902624032300048828e+11
5.150486480598737183e+11
9.365300688967670898e+11
6.179841059555805664e+11
3.901592441704280396e+11
4.244909911718167114e+11
6.107476036210724640e+10
5.250675555640285034e+11
9.792966184012712402e+11
4.187956597799160767e+11
2.924364845369984436e+10
9.996425681097226562e+11
6.189096631035446167e+09
4.380109605875072021e+11
2.943874562356559448e+11
7.124496600475642090e+11
7.996095053803843994e+11
6.678306826315247803e+11
6.098569645280567627e+11
9.103865858122597656e+11
6.428792497495308838e+11
7.905318477344708252e+11
3.251165621888059082e+11
5.278790729053439331e+11
7.702852484347656250e+11
3.828730583953618774e+11
2.563681477020493164e+11
1.211566938413860474e+11
7.775192637440472412e+11
7.853566299506099854e+11
9.402654809760556641e+11
2.646164407692054138e+11
8.075788996980875244e+11
3.560679990081240234e+11
2.000611241208760834e+10
2.496976433767192078e+11
3.786438833014439087e+11
4.470363858345188599e+11
3.713565610248403931e+11
5.686693591901804199e+11
8.231079342022554932e+11
3.795828864585874023e+11
8.399525680378385010e+11
3.857867779568046265e+11
7.872796001678868408e+11
3.829321284982742920e+11
6.042836272654637451e+11
7.299884774268181152e+11
8.916679504991335449e+11
3.550685176392314148e+10
7.343099616100053711e+11
