2.229107893991038513e+11
7.791573844034102783e+11
5.510919383559018707e+10
9.620000569608499756e+11
8.798933662177641602e+11
4.142721659043598633e+11
5.311519848676237183e+11
9.614886011770523682e+11
4.472986902048823853e+11
1.095506697829975891e+11
8.686764608970950928e+11
2.679842543196861267e+11
2.225492960756957092e+11
1.823367938251869507e+11
8.308300889332581787e+11
7.169181141706173096e+11
3.704129052602647095e+11
7.330199664888571777e+11
9.415462131408801270e+11
8.094301280993450928e+11
4.965185656604749146e+11
5.912468559949685059e+11
6.985999692233758545e+11
7.446240015460748291e+11
5.793375017790776367e+11
6.714490660044978027e+11
2.544556403232672119e+11
8.971629918717064209e+11
4.894122951813343811e+10
3.280911625832871704e+11
6.809937339049714355e+11
7.011641259233759766e+11
3.534521967505340576e+11
8.307192373005418701e+11
3.370040162371149292e+11
5.045065509024216919e+11
2.125886774153348541e+10
2.068907363295503235e+11
8.041258940881723633e+11
4.858483766876997681e+11
3.714283046045219727e+11
2.960566928292805786e+11
6.320586323676795654e+11
3.418407445260048828e+11
2.283543735889023438e+11
5.063184157788356934e+11
3.903036870852337646e+11
6.556247147478779297e+11
1.256779729808999023e+11
8.366003671818496704e+10
7.828096489184914551e+11
9.567679022648765869e+11
1.833296967202181244e+10
4.121976568436949463e+11
8.651174048193715820e+11
4.212191049027111816e+10
7.951166669866156006e+11
9.429293017562689209e+11
7.709686758857027588e+11
8.990168143717534180e+11
3.718232909799249268e+10
7.147400245421153564e+11
2.660374295620088196e+11
7.062908015301762695e+11
3.242691369054575195e+11
1.304821918903412628e+11
8.031371526071289062e+11
2.414625472142427979e+11
7.283870923827707520e+11
2.484822731870942688e+11
8.846377946501887207e+11
6.541353491583126221e+11
9.811509285668626709e+11
7.862439488916805420e+11
1.546827860910588989e+11
4.458558320920776367e+11
3.891061178512740479e+11
5.996406320139467773e+11
9.529996198494102783e+11
8.698175852310389404e+11
9.035007703631359863e+11
2.598374990172534790e+11
9.100268740904886475e+11
1.962216921021181335e+11
6.800546407139445305e+09
8.005827236650126953e+11
4.267106670054398804e+11
6.843522721632308350e+11
5.822183910708814697e+11
6.592039397042937012e+11
5.467930071134293365e+10
5.995073361468497467e+10
2.369808551728779907e+11
9.613379599428414307e+11
1.417655117919349060e+11
3.257491553646165771e+11
8.551354311652752686e+11
6.564313429878933105e+11
7.182827821137156982e+11
7.337114800731014404e+11
