6.540645174248524170e+11
4.092145287857869263e+11
9.406392175576225586e+11
8.778158466657332764e+11
1.777018977301022034e+11
9.667709398751101074e+11
7.022031062424266815e+09
3.041481803479785767e+11
4.720290845674218140e+11
1.740107416573987122e+11
1.636179373603676147e+11
9.459322962762756348e+11
2.858544717149746094e+11
6.402763922662376709e+11
6.663385083830456543e+11
9.979044896821318359e+11
6.320196443472529297e+11
8.710113391558258057e+11
8.932395095356510010e+11
9.709567247632163086e+11
1.903718136677267761e+11
6.726068939846000977e+11
8.321513143664134521e+11
3.868379799096901245e+11
2.533699314065117798e+11
8.697687752748344727e+11
2.578396374278016663e+11
5.588650311707153320e+10
1.423178255830046997e+11
9.753457565220589600e+11
3.322348784548001099e+10
6.539697128798351288e+10
6.473308153137606201e+11
4.281952330779370728e+11
6.931805421814094543e+10
7.884845478320456543e+11
3.984278750299867249e+10
3.340432156967310791e+11
2.455922335688482971e+11
8.480434746580406494e+11
3.395047366355532837e+11
5.680125115335729980e+11
2.669127177151294861e+11
8.277767121933153076e+11
5.737511186075028076e+11
8.045897810228729248e+11
7.661096442859677734e+11
4.975510952483550415e+11
1.627405192474219971e+11
8.685998361559813232e+11
1.987741651794445496e+11
1.834483631465991516e+11
4.513650460184313965e+11
8.888980145211771240e+11
2.275823205322163086e+11
4.830730976232039185e+11
5.029938697967564697e+11
2.711337200584719238e+11
5.816257772358308105e+11
9.366821025713728027e+11
5.738781097421735840e+11
9.657755296279851074e+11
1.727832531669398804e+11
6.450838925819259644e+10
1.315228939188037415e+11
2.848969411628890991e+11
5.893146132756668701e+11
5.278573841363028564e+11
3.160559048907090454e+11
7.205587790234599609e+11
1.805995871317428589e+10
3.300200490483994141e+11
9.461887374657775879e+11
4.180972028876284790e+11
3.595558173836618042e+11
8.514821992301555176e+11
8.154210188590062256e+11
8.621431835455813599e+10
6.838013502858168945e+11
5.820413038165144043e+11
9.910160684640560150e+09
8.195355769299344482e+11
8.280158243297675781e+11
1.909090000675031738e+11
3.775709172636755981e+11
8.984467781650769043e+11
6.234844408658590088e+11
8.607839624193948975e+11
8.566056803867333984e+11
3.531117643335408325e+11
5.068332879869626617e+10
9.841635865536914062e+11
1.514898372265908813e+11
1.338751676949108315e+10
6.877980067277199707e+11
4.493178179662659302e+11
5.214981161013637543e+10
4.137412211330731812e+11
3.140237374137170792e+10
6.386265553890755615e+11
