6.956695245921888428e+11
8.365641843934545898e+11
7.701451162764376221e+11
7.002605542180400085e+10
5.696726358225446777e+11
9.473161065395400391e+11
2.669098517716997986e+11
5.151304011966272583e+11
3.483444539243965454e+11
4.126374157139528198e+11
5.144647713430864868e+11
4.289552292406579590e+11
4.760711440371201782e+11
6.051894205626478271e+11
1.271069798591241455e+11
9.582977099824526367e+11
3.996480671561268311e+11
1.990168017723160095e+11
9.412691070437648926e+11
3.689963694704034424e+11
4.049090353264488525e+11
6.920811638375458984e+11
3.556161048669592896e+11
1.535134212197896385e+10
4.109336618034313354e+11
4.945592866091983032e+10
7.367357186674255371e+11
9.080596709073598633e+11
7.466578663918125000e+11
5.676678162797766113e+11
2.867965659797720718e+10
1.706845933321791992e+11
4.719911117252022095e+11
4.308718343938711548e+11
1.101379889443315887e+11
1.704698598705170898e+11
7.834092833021320801e+11
1.159573423308145294e+11
2.323793902318124390e+11
8.127638333535163574e+11
9.368197027490357666e+11
5.471546450446039429e+11
2.184288697152280884e+11
9.982647414568692627e+11
2.133640433677566528e+11
1.902819858729290161e+11
8.775447609386378174e+11
6.617143753899777832e+11
3.642285215780728912e+10
7.820809171602857971e+10
4.033544653292573242e+11
1.013890668791941376e+11
2.603542505306797485e+11
7.675055159999313965e+11
1.663822402456145935e+11
9.338183089343642578e+11
8.279439757199614258e+11
3.857175518325237427e+11
5.781141118351639404e+11
1.596250066597071838e+11
4.213117644441696167e+10
9.638076142269655762e+11
1.828943156661791563e+09
7.321057938920465088e+11
5.260618027056174927e+11
2.988497636080346680e+11
5.689165891194707031e+11
3.240359121453031006e+11
9.933679754867338867e+11
2.554120102016336975e+11
5.084491188954066162e+11
2.888987339490657349e+11
9.810628356839161377e+11
2.252504237423758545e+11
4.539447224221524658e+11
3.460933685505465088e+11
8.579953654052949219e+11
6.644477765671390381e+11
1.573994553259632874e+11
4.476512812571726685e+11
7.122238057628379822e+10
2.914878395355936279e+11
4.124665873076892700e+11
4.173403260417026978e+11
1.305615538688993683e+11
9.641535497375664062e+11
9.534000580078932190e+10
1.080925148329612732e+10
4.208086758852465210e+11
2.070831312641594543e+11
6.213192279365616455e+11
1.823580944047390137e+11
1.877955295662771606e+11
8.847142800481877441e+11
1.946698232074597168e+11
2.358667812706462708e+11
3.228395032211446533e+11
6.634634527298977051e+11
7.204429302800782471e+11
8.134987067228944092e+11
