7.907107994665256348e+11
2.286702018684441376e+10
3.765582936471519165e+11
5.301804996682011108e+11
3.326646000108749390e+11
6.129059766413526154e+10
8.970899287428047180e+09
5.931056841275074463e+11
9.695510553474427490e+11
8.505476951660234375e+11
1.371611939376670990e+11
1.728202944874463501e+11
5.788750146624564209e+11
5.891572087462652588e+11
1.043955532145847893e+10
6.977962433857109375e+11
8.179000604740584717e+11
4.290684221515114746e+11
4.384100226104160767e+11
6.447434560549875488e+11
4.635936265081439819e+11
7.363990895719738770e+11
3.325199704503640747e+11
1.433800277381852417e+11
3.720069049376380615e+11
6.032271002465124512e+11
2.747763372534322205e+11
4.357022638679240723e+11
2.820177189195307617e+11
6.846203225443259277e+11
5.076282308786558228e+11
6.304632068368999023e+11
6.356242733562802734e+11
1.140841431090749359e+10
7.459546617337556152e+11
2.365039652803992920e+11
8.183034182600294189e+11
3.704095531002670288e+11
1.154187142362741852e+10
7.113582478457261963e+11
7.919897558390896606e+10
4.220494904232304688e+11
6.313361991532190704e+10
7.309453305820114746e+11
2.734817167282467041e+11
2.422735033903812256e+11
6.634870304415891113e+11
5.105571515930092163e+11
6.744003783402276611e+11
3.263456910173112183e+11
1.480414490089696350e+11
5.557871901135251465e+11
1.028643661527390289e+10
2.969477149978680420e+11
9.103579961994223633e+11
8.245628762779709473e+11
8.450706418306763916e+11
3.471866510202042389e+10
7.318744286327075195e+11
5.296720927387879639e+11
3.520419513947971191e+11
1.425541416159658203e+11
8.159279987392412109e+11
6.024752900963078613e+11
5.713392109872147217e+11
4.801881334575711670e+11
1.059916168963397980e+11
5.104990898650275879e+11
4.914063621563325806e+11
7.742918924824331055e+11
4.838008106805165405e+11
2.184013325227712708e+11
2.958509437676578903e+10
2.902593790126452026e+11
8.480445185558436279e+11
7.406194621382010498e+11
2.473963529767807312e+11
7.887006502207790527e+11
5.101486441104069824e+11
2.379799584569664612e+11
1.858307938347686768e+11
7.044131086754755859e+11
8.835392412396954346e+11
6.340866372515572510e+11
1.520463700691488647e+11
5.820937860153813477e+11
3.528216153617329712e+11
2.587593216803834534e+11
9.597559413539788818e+10
9.492258607512061768e+11
7.704154713844746094e+11
3.131915879952200928e+11
2.448599353279450073e+11
6.134391162615930176e+11
2.822067254082539062e+11
8.259932905558015137e+11
7.507572685458614502e+11
8.120541072505247803e+11
3.468358896296808472e+11
1.619403156594792480e+11
