7.588826994201805420e+11
8.194871697206010742e+11
9.443145091733615723e+11
4.383290905089839478e+11
2.023856866949416504e+11
4.369647543659187012e+11
4.100783974967931519e+11
3.580111679132952881e+11
5.553855318338991699e+11
6.192058869510926514e+11
9.639074185733299561e+11
3.305455226006142807e+10
4.117788642745075073e+11
1.266393676174449310e+11
1.200912308512991943e+11
8.787124912257584229e+11
5.060024395486791382e+11
3.916105989775089111e+11
1.717844789766764832e+11
1.960902414592319336e+11
6.767874728024642944e+10
6.992365068065040283e+11
4.578026674567827148e+11
4.090435458217260742e+11
6.045563652510686035e+11
6.674877122161138916e+11
1.657320235160562439e+11
7.397162733917532959e+11
5.169302171731108398e+11
1.051165484648672180e+11
3.552079538979816284e+11
6.373724962563292236e+11
8.315851948725881348e+11
2.122315877644801025e+11
4.665068174045520630e+11
8.075473123920189209e+11
3.198555582310358887e+11
6.883169863777407227e+11
1.421410277887039490e+11
4.712378986326002197e+11
3.989198645862413940e+11
6.171875986996821289e+11
7.733349953804510498e+11
2.793150057925767822e+11
8.968398504235819092e+11
3.071730719423031616e+11
4.061949354860145264e+11
6.090928801855751953e+11
1.754718070840509338e+11
5.473252618322984009e+11
6.966562094019591064e+11
9.281490454244044189e+11
9.961864967568922424e+10
4.853452716063256073e+10
5.181141146698366089e+11
5.061737262807409286e+09
9.463081996713659668e+11
9.484066959803959656e+10
5.676397809725762939e+10
5.176671731804674683e+11
5.173347091099318848e+11
6.814226226834842529e+11
7.301380183283996582e+11
1.689359536773900757e+11
2.628357825341749268e+11
1.035387676761838226e+11
3.840093185552152710e+11
9.233306057928596191e+11
3.959493545931486511e+10
5.169135288708968506e+11
7.762384852107109375e+11
7.774986532298934326e+11
4.782870641960598145e+11
3.317867231332515259e+11
8.564480319065200195e+11
8.520502607006242676e+11
1.418537441511454468e+11
3.841972366236544189e+11
9.113192002234499512e+11
7.936028187399992943e+09
1.531794803229917297e+11
9.574139947200053711e+11
2.377402112296668091e+11
2.025001249694068604e+11
7.074568874002974854e+11
1.276066497166547852e+11
6.096462685762680664e+11
3.027195009076540527e+11
1.575827566603763199e+10
1.902205538058614197e+11
3.435362943690960693e+11
4.060628511828981934e+11
8.888931228536064453e+11
5.878342773506544189e+11
9.569397094610002441e+11
8.517136657921115723e+11
7.223905338458962402e+11
9.424925924793278809e+11
1.291175981862989960e+11
3.778438919937174683e+11
