2.831227595471616211e+11
3.034575018679489136e+11
3.801126317660825195e+11
4.275691190508859863e+11
7.551089129712974854e+11
6.851276492604910889e+11
8.479127238697675781e+11
9.800012383715526123e+11
8.792298990113951416e+11
3.914703458627362061e+10
9.610235905952775574e+10
6.502180699304384766e+11
4.523896639994791260e+11
2.134338238038863831e+11
5.918529878508460693e+11
5.612947439737291260e+11
9.391751547818149414e+11
2.943133660142684326e+11
4.381501736579620972e+11
1.883898794244663086e+11
8.799084901250942383e+11
1.847215724407250061e+11
1.716612372559143066e+11
1.193201016441040497e+11
9.782701355050270996e+11
2.782084194955658569e+11
8.865883078002085876e+10
2.501383411547957458e+11
7.739430620805578613e+11
1.199266153832354584e+11
1.107221066356007690e+11
2.691391995114574890e+11
2.126831791630952454e+10
9.871816489764785156e+11
5.279687540170931396e+11
2.332271511980509949e+11
5.865626842303027344e+11
8.826331265017023926e+11
9.349371226759451904e+11
2.104451914931632690e+11
5.401226981116268311e+11
9.194749141218764648e+11
7.401022948698438721e+11
6.601584366489296875e+11
4.486861997776681519e+10
2.311650230258058777e+11
8.797881792825460205e+11
9.753579711133909912e+11
1.215130000542145844e+11
4.798808075513240967e+11
6.340356566449587402e+11
6.722636842546173096e+11
8.908252154344321289e+11
8.998094134493367920e+11
2.411446537244555054e+11
6.158099682021065674e+11
9.201931764753674316e+11
1.679314303568233032e+11
7.794803390075051270e+11
5.483915380252775879e+11
8.248115871570852051e+11
9.161867995839409180e+11
8.330809442741234131e+11
8.744469216321566772e+10
5.093314612031781616e+11
6.876425177045738525e+11
3.231131101070465698e+11
2.764412409597989502e+11
6.821828568287258301e+11
9.228947808537556152e+11
1.413527289051259460e+11
6.634023687910322266e+11
5.108291951470226440e+11
4.833240839879311562e+09
5.236184610810303955e+11
2.965593799649052124e+11
8.480756618286290283e+11
9.901230108780928955e+11
7.071562250709328613e+11
7.573958766029618263e+09
8.308178469565224609e+11
8.443545093832303467e+11
2.096805123655917664e+11
3.959953549884703979e+11
8.977324072297158203e+11
2.064722693491473694e+11
9.008183876992974854e+11
6.116658645946035156e+11
7.578977971940252686e+11
9.804739828875309753e+10
5.414642821054832764e+11
7.115337905553800049e+11
4.392540832788283691e+11
5.609343529915032959e+11
4.500110222176898956e+10
1.502498475519814453e+11
9.552819119146726074e+11
5.738773135074748535e+11
2.213095281948909912e+11
8.058237111844517822e+11
