6.858142786047637939e+11
3.252009753296456299e+11
8.394659654111042480e+11
7.809035246374272461e+11
9.734826086048524475e+10
7.767928419171505737e+10
5.882024184279670715e+10
2.065590585825917969e+11
7.303831788132913818e+11
8.744547407522470703e+11
4.547887658162163696e+11
7.437722355064603271e+11
7.168210320935085449e+11
4.749265853795026855e+11
7.418045334515189209e+11
2.924329607388298950e+11
1.217851583484585114e+11
8.853548477848959961e+11
5.310301157035990601e+11
4.390346623954666748e+11
3.672448169405244446e+10
7.605441310687674561e+11
7.925473063120085449e+11
8.374536133933166504e+11
2.560481603600065308e+11
5.623719585852736816e+11
5.212468865521812134e+11
7.766796534136309814e+11
7.184946209323188477e+11
3.158992162089791870e+11
4.860112820570209961e+11
4.236816504054425049e+11
9.432220142766630554e+10
8.621952949142590332e+11
4.761504648072882080e+10
3.084130177826602173e+11
4.031628062542057495e+11
9.688751868036008301e+11
8.775623412931837158e+11
3.989198041710584106e+11
9.012497296414494629e+11
8.935259176413366699e+11
4.175022646210426331e+10
8.056803361395682373e+11
1.884773662525976562e+11
5.593984233714171143e+11
7.880231937295179443e+11
1.389772301772452087e+11
8.681167403756254883e+11
8.201075667067373047e+11
3.890133976407202148e+11
9.508324963117660522e+09
9.395470414465098877e+11
2.719465928631873169e+11
4.911613912840679321e+11
9.447936035679029541e+11
4.254906364931340942e+11
3.656688279398690796e+11
2.986826720493341675e+11
7.023457260044226074e+11
7.351201463912955322e+11
1.056279319779365997e+11
2.040670716877413025e+11
8.486467461524394531e+11
6.083680244587052002e+11
9.568328410384792480e+11
9.862983522354826660e+11
7.888471885121879578e+10
6.706938259181385498e+11
7.294508910008184814e+11
3.489583216076436157e+11
1.794891158904315491e+11
1.155490336183474731e+10
1.683701512957308044e+11
2.708229583909518127e+11
6.039857278955874023e+11
6.298035989436859131e+11
8.931700397892231445e+11
4.478651256661434937e+11
2.103858107079720459e+11
8.409154521473165283e+11
4.729302681495793457e+11
7.636654499485137939e+11
9.558643089961707764e+11
4.658278743297184448e+11
2.078416654168527832e+11
9.951346215296839600e+11
6.964958260431961670e+11
5.628817522735091553e+11
8.114736125920744629e+11
2.742114783427475281e+11
8.025497952374509277e+11
7.479911948311632080e+11
2.782655397262906494e+11
3.060624318789140625e+11
8.862251009720495605e+11
3.229634875751019897e+11
1.251704919768254852e+11
8.547331686733527832e+11
1.373424613314995422e+11
