6.121680994069335938e+11
1.791052019204737549e+11
1.138779079477013092e+11
3.068320596421163940e+11
1.216734573187315063e+11
1.615002398155911865e+11
7.432647679949803467e+11
2.700091642936358948e+11
5.092458691801726074e+11
1.811416753704526367e+11
4.535627685211156616e+11
9.885999181709745789e+10
3.213334760500290527e+11
3.290564154837191772e+11
9.344724038101508789e+11
8.991123130862694092e+11
9.621863505189228516e+11
2.337940973576315002e+11
7.491252890252384033e+11
6.681530470881695557e+10
6.909575568370828247e+10
9.216056018822191162e+11
4.952855255900987549e+11
5.386496625666255493e+11
6.822130101854790039e+11
2.317667154391126099e+11
3.781687697831428223e+11
4.966888770666467285e+11
6.610103081503421631e+11
5.018882126735549316e+11
2.454789445028250427e+11
2.382666512612724609e+11
8.166559080759575195e+11
4.369305820810935669e+11
4.864256255393237915e+11
1.944401155375031281e+10
8.529453917137001953e+11
4.328537408160763550e+10
8.667463415935650635e+11
1.715958220235188293e+11
6.983373357569985352e+11
9.279963408141156006e+11
8.992237621755421143e+11
8.410159183854508057e+11
6.294790797584541016e+11
5.159518962626208496e+11
5.002939063472228394e+11
2.741542861313043213e+11
9.645236632119384766e+10
4.754654284761358032e+11
7.051913738077154541e+11
9.674598941029804688e+11
8.588466425408554688e+11
6.812079567021552734e+11
3.136373357600546265e+11
9.412042089919266357e+11
6.366994704280975342e+11
1.578412507876064148e+11
8.780698960224018555e+11
3.666072680958012695e+11
5.409183458086887207e+11
2.922340402693236694e+11
8.330678610295585938e+11
5.203845753771222534e+11
8.576100006530318604e+11
6.192021375514227295e+11
2.914017737169710083e+11
2.692708137031669617e+11
2.370134393334375916e+11
3.319241027246591797e+11
1.002443232117753754e+11
9.202211917487247314e+11
2.401379873271542053e+11
7.880227949688883057e+11
9.168274167864815674e+11
3.041401132032713623e+11
1.567433626383049622e+11
1.837013267729926147e+11
2.695226319857671509e+11
9.420305607812192383e+11
7.848309439139642334e+11
4.192786539568371582e+11
4.901098637408261719e+11
9.033089186662966309e+11
3.937074638573303833e+11
7.289915119700535889e+11
9.069822439048430176e+11
1.213913346495872650e+11
5.085535261406965332e+11
7.191634696974722900e+11
9.702471144438782959e+11
9.108372695330854492e+11
6.951274486913837891e+11
6.728705133980449677e+09
5.881934389452292480e+11
7.558750756450527344e+11
8.644674197721022949e+11
8.688682832571466064e+11
2.677483886918927307e+11
9.855947141004864502e+11
