1.078727941269264679e+11
6.198899228474438477e+11
6.786234363941850586e+11
4.828086574528093872e+11
5.325344270854715576e+11
3.019665780181093750e+11
1.475975651014524841e+11
1.416996421322142792e+10
8.588491118136856689e+11
7.218863996849050293e+11
8.622382147296368408e+11
3.709038245361927509e+09
9.336365046759235840e+11
1.493532675817639160e+11
3.719775045719410706e+10
3.153368670973441162e+11
5.049269465666857300e+11
6.081860714661259766e+11
4.725779300374890137e+11
6.777273033261954346e+11
5.108271787378374634e+11
1.791398696637728882e+11
3.384853668026740723e+11
8.842005196274971924e+11
8.873363524147587891e+11
3.438003751815292358e+11
1.151193646603312683e+11
5.964836577728363037e+11
9.891719540313038330e+11
4.778363268992302856e+11
1.878760049774554749e+11
6.981279834757200928e+11
7.887636132290892334e+11
4.277579456003601074e+11
5.206297368653695068e+11
4.192183325614452515e+11
4.873787203307456055e+11
5.239161169148095703e+11
7.829211995410958252e+11
5.198710626803841553e+11
2.122346191581035137e+09
4.651499373833237305e+11
7.458618956686829834e+11
7.310923635564331055e+11
4.981473144360393677e+11
1.002885708177290916e+10
8.798474945178638916e+11
1.034699851241725159e+11
7.640580241088544922e+11
5.243641646194597778e+11
4.093484522422213745e+10
6.988580232053236084e+11
1.828542288957743225e+11
7.746969938336705322e+11
1.006271838034491272e+11
6.363990255882510185e+09
5.857544069110305176e+11
8.533224526560988770e+11
6.302263775514124756e+11
2.363948568146619873e+11
2.385624108329457474e+10
3.118233545168564453e+11
4.441250289734072266e+11
4.535600012883836670e+11
3.266374457981104126e+11
8.656636810523509521e+11
3.072827068236465836e+10
6.195809485608538818e+11
2.988638827648298950e+11
8.741144052896907959e+11
6.599110942326951904e+11
4.054475153925070190e+11
9.183754625709561768e+11
3.492042297622712402e+11
9.064185984525620117e+11
6.677197006745481110e+10
2.664281909080340881e+11
7.293722600457755127e+11
5.713120870396539307e+11
4.724736762832146606e+11
1.183115250356652832e+11
4.705301667771104431e+10
8.388973590062535400e+11
4.378336578340648804e+11
8.870782133913972168e+11
4.915755682683248901e+11
2.890263300108195801e+11
6.384595059608569336e+11
8.361918361533743896e+11
2.798654233226756592e+11
3.878325751282174683e+11
3.401793198479883194e+10
2.728186688613084412e+11
4.393519071764494629e+11
5.259463270922614136e+11
4.290290972828822327e+10
7.187981886590174866e+10
2.148136729501678772e+11
2.146240117041274719e+11
2.236974021167341919e+11
