8.785302665519270020e+11
9.955758648402584839e+10
2.901250908295584106e+11
1.682676555863645172e+10
4.727769205012445068e+11
6.392746865301672363e+10
4.387007750233282471e+11
4.274096110626775513e+11
5.697346252569893799e+11
1.568479565971409607e+11
6.971970504448553467e+11
5.022754686536543579e+11
5.756907284142452393e+11
8.656752769430389404e+11
9.490488001169324951e+11
8.204287751066123047e+11
7.400466861763554688e+11
7.407956339666635742e+11
6.801258615760732422e+11
1.552932641814921875e+11
7.201258002433781738e+11
3.868034973833629608e+09
4.821763197928681641e+11
5.287480157573327026e+11
4.759722830583752441e+11
6.505150458705607910e+11
6.772028181464193115e+11
6.603027495287121582e+11
6.509468176871418457e+11
5.977708841778304443e+11
8.797883128047681885e+11
5.295038732595603638e+11
9.587492124890672607e+11
6.737063759091981201e+11
4.854440759598983154e+11
5.223231675573985596e+11
7.986830437461240234e+11
6.795098878715032959e+11
6.456954302315966797e+11
6.585139415389570312e+11
3.242814623877741699e+11
9.027920641631749268e+11
9.435028689717695312e+11
9.729950347608437500e+11
7.462777381618874512e+11
1.179688032714406128e+11
3.979791191126267700e+11
6.968977400357470703e+11
5.065506160762326050e+11
5.400680535187649536e+11
3.869446350699876709e+11
4.282155236225947876e+11
1.182348750787769775e+11
5.839067805161556396e+11
6.715382185030733643e+11
4.106305616964926758e+11
1.065637496894629517e+11
2.538236217087940063e+11
3.674884321182817383e+11
2.775494194861770630e+11
8.570538328040992432e+11
5.187366014561864624e+11
2.190950754612734680e+11
7.803011900299160156e+11
9.820606860251614990e+11
6.124785550498710938e+11
2.384747844529233704e+11
2.435770956922723999e+11
3.407630990113038330e+11
9.904853590170418701e+11
9.287769966672293701e+11
6.423188415461230469e+11
7.134526917739206543e+11
8.139615475611319580e+11
8.082223757431722412e+11
7.896164289135531616e+10
5.838150021751562500e+11
4.599229036788753510e+10
8.450715199339131165e+10
2.868587007140042725e+11
3.327349324108366699e+11
4.775953301619362640e+10
8.302607044082521973e+11
5.792924019737965088e+11
9.731277154706790771e+11
4.029375002481552124e+11
8.687422129111562500e+11
8.907701460090234375e+11
7.844059929944041748e+11
4.410500042054070435e+11
5.855828891167067871e+11
6.753296165717719727e+11
3.025172701769555664e+11
9.698670235845147705e+11
6.709403811175434570e+11
9.185565661869719238e+11
9.022419551438465576e+11
1.428602451289442749e+11
2.107115588463444214e+11
4.089210958425041504e+11
