1.155693997968960876e+11
6.335912932362833252e+11
8.795715942301899414e+11
9.145886248657274170e+11
4.249630274645700073e+11
3.166296945618221436e+11
1.596398459105252991e+11
7.750131796625335693e+11
5.274149649284800415e+11
6.116001201798367920e+11
3.730074954890629272e+11
9.030622321725010986e+11
5.489594525424726562e+11
4.571383890657404175e+11
6.997468751808187256e+11
4.229103092166951294e+11
5.512388653239987793e+11
1.165787173346248932e+11
9.456638309480533447e+11
2.182744645679351196e+11
4.239693286612977905e+11
6.707898503656884766e+11
7.221934069739363098e+10
3.660036680877281494e+11
5.594115594117232666e+11
3.595806854620357513e+10
9.331952547030277100e+11
9.675109567163773193e+11
2.056725108627662354e+11
4.017256779218770752e+11
9.813087946686328125e+11
1.384976429685161438e+11
6.951472031029614258e+11
2.665723398522032166e+11
4.632098463049832764e+11
2.883024989463157959e+11
8.395019540231790771e+11
6.710432302800523758e+09
1.385507073988037415e+11
2.099309507114445496e+10
1.525387167691239319e+11
9.442858141148256836e+11
5.883320898518258057e+11
8.500944210720115967e+11
5.733956165953120117e+11
7.113686912965805664e+11
6.454162100211614990e+11
1.229674174186021271e+11
1.993628021065726013e+11
1.675319449998130798e+11
3.749852855943518829e+10
7.769080968915903320e+11
2.882992863529197388e+11
8.031423634031662598e+11
3.578766004422490845e+11
9.916394437354783936e+11
8.484732218957272949e+11
5.021002952283786011e+11
5.463617569235742798e+11
3.456350121827807007e+11
9.939644318563553467e+11
5.730667627034204102e+11
7.265049826532143555e+11
3.029322298311009521e+11
3.616962904704414010e+08
9.268824004078277588e+11
6.977677685026822510e+11
2.295522513353524475e+11
8.179694732876859131e+11
2.257365415662277832e+11
3.564828602868615112e+11
1.293857191329591370e+11
8.450690141449136353e+10
3.244341608889278564e+11
4.100332229920070801e+11
6.411601423045007324e+11
6.839122885854205322e+11
1.973148181954860229e+11
4.556005194355574341e+11
4.415263121852944946e+11
8.299524925457752686e+11
2.219654502589009094e+11
3.522167205158265991e+11
3.033051713200549603e+09
7.116411746277342224e+10
3.855577582433876343e+11
6.486965380740522461e+11
8.286060834813151855e+11
5.537682499579110107e+11
8.195657090506916504e+11
1.173333563765891876e+11
6.170747400086356201e+11
7.709305327265853271e+11
3.700425680328777313e+10
8.383544384964768410e+09
6.007995922644347191e+09
9.612021014606214600e+11
6.239733977717834473e+11
1.990725658631641541e+11
7.062216546878936768e+11
