6.105521343294063721e+11
5.732901900649107666e+11
3.785607881669885254e+11
6.285892873838450623e+10
8.337943572416627197e+11
7.929423382300732422e+11
8.628125303136793213e+11
4.424577771016352539e+11
6.437306143267506104e+11
3.285880473491074829e+11
1.923563875536318970e+11
7.607848595407581787e+11
5.202021838489089966e+11
3.661952117411838379e+11
3.137949287231696777e+11
1.871496529420787048e+11
1.784048138936491699e+11
5.300879159623930664e+11
4.912681526004882202e+11
2.769389330141300659e+11
8.942742673736412354e+11
4.487119209414537964e+11
7.642304570463155518e+11
8.868742565590473633e+11
5.780027652217382812e+11
6.049912975286539307e+11
4.336749674888995361e+11
1.373945198973048553e+11
7.969679304971403809e+11
9.462711568819246826e+11
2.714542929877883606e+11
5.649773066983224487e+10
1.437163404329674072e+11
7.420418568536339111e+11
6.308557167251459961e+11
4.350825936889314575e+11
6.845197476366627197e+11
6.795830045348162079e+10
1.341644176887998047e+11
7.626495223756572266e+11
3.786815043627615356e+11
6.709533094260512695e+11
1.444216663674523926e+11
3.459494995125437622e+11
7.125173484419018555e+11
6.198340845576604004e+11
5.165206678647757568e+11
3.732847350301658936e+11
3.746958266043944092e+11
3.771656890935671997e+11
4.947542561770285034e+11
8.072445308874331055e+11
3.291580263047678223e+11
2.341143882393481140e+11
7.362126597132438965e+11
7.100300633012997437e+10
7.720591871734291992e+11
7.004877935817357178e+11
3.490476380442857666e+11
2.351843660512927551e+11
6.955596597143489990e+11
2.737491987845507812e+11
7.395613973374475098e+11
4.435031911351560669e+11
9.532958173173265381e+11
5.014071244319229126e+11
7.796252987843067627e+11
9.099338723118836670e+11
1.341954617934385872e+10
5.678514193415559828e+07
1.971744281289089661e+11
5.778158298912783203e+11
3.976191418656011963e+11
5.653377756142351074e+11
1.473979182433352051e+11
2.380995846943110962e+11
6.837114779653535156e+11
8.974581278167961426e+11
6.380229497088660889e+11
8.564958802874130859e+11
9.424286248598104858e+10
8.195085122137631836e+11
1.190430812281991730e+11
3.265052794075528564e+11
4.454960440902109985e+11
2.841182737392551270e+11
7.564034449975095215e+11
8.185122576823717041e+11
9.293841468259812012e+11
6.853929458873795166e+11
9.587750223413867188e+10
8.819608091152377930e+11
7.593892580045104980e+10
3.412566336534702148e+11
3.750756973490903931e+11
4.431469129222593384e+11
3.357383794327380981e+11
9.266869026421094971e+11
5.289710888957602539e+11
4.175405227457149048e+11
