8.604574417470354004e+11
5.995364708279541016e+11
3.774233874845051880e+11
4.580602539302257080e+11
2.114137928076539993e+10
4.708769543998277588e+11
2.354280446377296753e+11
9.741419665081732178e+11
2.380001130446434631e+11
3.356088639553657227e+11
3.498755950470756226e+11
5.346338832718483276e+11
4.015598933118579712e+11
8.269315422641330566e+11
5.264540432085512085e+11
5.808971374804514160e+11
9.915212691566968994e+11
1.366419836121178131e+11
2.982255510250307617e+11
4.115871301800014648e+11
7.650089560120196533e+11
8.456895320900418701e+11
5.428969150070621948e+11
5.295883909979769287e+11
1.417027899918230591e+11
3.875241588724162598e+11
9.420577560761253662e+11
3.273164039617542114e+11
5.181612394658805542e+11
9.727888279880436707e+10
5.711839387850769043e+11
1.317941133246752739e+10
3.781137016372089386e+10
1.714585453784284973e+11
4.395935495832166748e+11
8.596685245460137939e+11
9.547035787948305664e+11
1.696182700483753052e+11
4.158742238671456299e+11
8.475437451502291260e+11
4.609420437284195709e+10
4.720907315525525513e+11
2.769772983290654297e+11
8.522324816716585693e+11
2.641005271400416565e+11
2.527262752742026367e+11
7.688726696294327393e+11
3.306267316254288940e+11
9.371025790442263184e+11
4.769501039041604004e+11
7.790423058794518471e+09
1.301872997524929504e+11
9.320318123284791260e+11
1.510745647168855591e+11
3.755887145137894287e+11
5.679296352355808105e+11
9.432874466675035400e+11
4.547861186882108154e+11
5.638132470341118164e+11
9.365945141654702759e+10
5.215278979513717651e+11
6.658228569363314209e+11
8.831613820206837158e+11
5.596243806257673645e+10
1.794681467993291626e+11
9.088906857723967285e+11
9.477315898037052002e+11
6.955445348105822754e+10
8.721698529730334473e+11
6.747056340691755371e+11
6.997500133722333984e+11
3.327210127604650879e+11
1.118114391874837189e+11
4.177949630831705322e+11
7.572780390231483154e+11
5.734422904202233887e+11
3.893822393154292107e+09
5.650843448551608887e+11
5.435270380028302612e+11
8.370260250697595215e+10
2.834480975700422974e+11
8.485476880542871094e+11
9.780188001774118652e+11
3.706374333112567139e+11
9.686756194420661926e+10
8.641489283523248291e+11
8.711355040396116943e+11
1.312928851661642647e+10
1.549847420876914368e+11
2.598210759917553711e+10
9.386505383615174561e+11
9.853421822319328613e+11
7.984912240762164307e+11
9.042778347429482422e+11
4.712371146063505859e+11
1.047521714210789185e+11
9.671531884691065979e+10
4.485444256030006714e+11
8.615347368048393555e+11
2.312738460008093567e+11
