3.250559597077705078e+11
5.873394958548953857e+11
6.752182056360170898e+11
1.573893356833775940e+11
1.782914298069001770e+11
2.030018196136656799e+11
4.083913095625490723e+11
1.455966757394846191e+11
4.171735665510239868e+11
1.692831654005252991e+11
3.123206942852963867e+11
1.301857390157758636e+11
6.755653766360860596e+11
1.840905735400202332e+11
3.042299397294536743e+11
4.523750242848222046e+11
5.145029817044221802e+11
7.629283343041970825e+10
8.692219535719835205e+11
1.818708619623615723e+11
6.803949642336387939e+11
5.815538095268096924e+11
5.814370522911369629e+11
6.498250766486512451e+11
3.116388627034858398e+11
3.937289225874648438e+11
7.553543146660996094e+11
6.501952146526181641e+11
9.358922126072081299e+11
4.078169609405859375e+11
6.871652879657810059e+11
3.029064291900301514e+11
2.578649861963319702e+11
4.683531937486556396e+11
4.771207638595591736e+10
6.904940979863323975e+11
7.905507308697647095e+10
2.751695351779070435e+11
2.745518392250569153e+11
6.767285216703880615e+11
3.825349515369064941e+11
1.493301300788816528e+11
3.593463116654520264e+11
1.061144885516113586e+11
1.654907312343864746e+11
4.494364672219403076e+11
8.123965062907137451e+11
8.967216095578887939e+11
9.094291554845676270e+11
9.705791092967360840e+11
3.916511521640734863e+11
2.866621469157996216e+11
3.616555570488610840e+11
4.832405575783153687e+11
9.363013580599466553e+11
5.433633179873360634e+09
2.085500553661003418e+11
1.122489795941529388e+11
2.821469061098470459e+11
1.845667372798081970e+11
6.960420828377204590e+11
1.523424178221116638e+11
1.397480963566642456e+11
4.748205200210669556e+11
9.726299165302325439e+11
4.454029953879423523e+10
5.467063043720074463e+10
5.116505742702914429e+11
8.328112663199722900e+11
5.990386317299970703e+11
6.275754145510115967e+11
6.524605429659550781e+11
4.964082739181004639e+11
4.343671688568343506e+11
7.166335558541693115e+11
6.099008016316018066e+11
7.517820908486094666e+10
3.643081574680964966e+11
8.642928507999305420e+11
7.730345330576993408e+11
7.452313958414637451e+11
9.491852369283847656e+11
1.436550190159775696e+11
9.094412421686978760e+11
9.857270775113145752e+11
6.542793380937982178e+11
6.712544868806767578e+11
3.569506078088211670e+11
8.230597366789383545e+11
5.971134927609205322e+11
9.407034665049795532e+10
4.072942112837360840e+11
8.222380228690476074e+11
2.220273090061009521e+11
6.895237618647659912e+11
4.409080517075975952e+11
9.283638943020310059e+11
7.112722796157288818e+11
1.957641890823326111e+11
7.818243029559774170e+11
