8.620631134557963867e+11
6.687482168717902832e+11
5.240967664236394043e+11
4.375148671487132568e+11
9.141178869050170898e+11
7.573273369292565918e+10
7.843990846975202637e+11
8.118206515496374512e+11
2.586611518898183594e+11
5.255174107341052856e+11
1.636700697355195618e+11
9.820891218127885742e+11
8.355819095384090576e+11
4.091168589472350464e+11
3.065322558531680298e+11
9.087439176338132324e+11
9.454712238737370605e+11
9.171890298166885376e+10
2.949343554918765640e+10
2.127580659199145203e+11
4.010257643988002319e+11
6.073428875620653076e+11
1.760545114015705261e+11
7.165294339074591064e+11
6.926663126147855225e+11
8.137185580776395264e+11
3.544248771159708252e+11
6.312625555689901123e+11
3.898216619203260498e+11
7.590033018919976807e+11
5.275537890821735840e+11
3.338880363719895630e+11
1.107629186333852005e+10
2.147411126004313660e+11
1.945669734068043518e+11
1.177632657218557434e+11
5.124514304107893677e+11
5.111047938088479614e+11
4.661128900505936279e+11
1.233106465720609741e+11
5.536220518622835693e+11
8.348919412771575928e+11
8.289122808088884277e+11
8.044472691096823730e+11
7.789511849020957031e+11
5.884644987538332520e+11
9.334916038722666931e+10
6.622891348983076172e+11
5.633927420456037598e+11
2.120276120882516479e+11
5.588794624216752930e+11
6.579330370913666992e+11
8.538694487707097168e+11
9.565775277935797119e+11
7.104066672776824951e+10
5.279211585900550537e+11
7.184430288108531494e+11
5.078315463974080200e+11
1.704372236257131348e+11
1.991143030399889832e+11
2.110280255333139343e+11
2.923225744848220215e+11
1.322004032130550842e+11
1.373195501428813629e+11
4.832899929727121582e+11
7.123789580566459656e+10
1.430589043253013916e+11
6.189377683933322754e+11
6.605755603971436768e+11
7.455196055686802979e+11
1.129756480923901978e+11
8.933728297528926086e+10
9.504711607754005127e+11
2.408645831305537720e+11
9.810847278917799072e+11
2.895422744147613525e+11
2.370526250732916260e+11
1.640313380673266907e+11
3.917713080900693970e+11
9.198462197127000732e+11
2.390674398483931580e+11
5.366800081845299530e+10
5.137893846704793549e+10
2.315806730902372437e+11
4.030600531312387695e+11
9.059837168230555420e+11
1.498974600637109680e+11
4.740527816723554688e+11
2.649318754935942078e+11
2.363616055290952759e+11
3.649041336597628784e+11
8.760619754631846924e+11
3.274013759684197998e+11
2.653446135244047546e+11
4.397276696029874268e+11
8.495772363654202881e+11
3.964242709738919678e+11
5.915407260612342072e+10
5.980034900647362061e+11
1.150928192870054932e+11
