9.179918390553889160e+11
9.210640992935855713e+11
9.841951386612827148e+11
5.174556303475765228e+10
2.591931161119908752e+11
5.442442236236207886e+11
9.839444255462163086e+11
4.297116629567310181e+11
9.954460378285169678e+11
3.468527685258893433e+11
1.323212418072456207e+11
3.037218551574754639e+11
4.880199053753056641e+11
2.444003260622524719e+11
5.664100376637916260e+11
8.533466583872130127e+11
3.298074766049475098e+11
2.559073451677463989e+11
6.257517318492001953e+11
8.001647039882785645e+11
4.945525795779207153e+11
4.581050133373386841e+11
8.098289919276922607e+11
5.139545535203260498e+11
6.411105994515837402e+11
9.015885518601920166e+11
3.676102525216091919e+11
3.893395114688150024e+11
4.381561980210422974e+11
2.148515976453827515e+11
7.755873929083070068e+11
5.771564450098710938e+11
5.403664536235401001e+11
2.709275412964129333e+11
1.204083598754974365e+11
4.137506683278352051e+11
8.611091955435263062e+10
9.847965659451707764e+11
6.311250269840303955e+11
1.861251706771391602e+11
9.791347698066479492e+11
3.806110418859088745e+11
1.039818389563013458e+10
8.592458154051065674e+11
9.299038924727884521e+11
4.849150925986653442e+11
4.152795233365526733e+11
1.818058662881180725e+11
9.779250766534132080e+11
7.641938611619304199e+11
7.624527230848638916e+11
5.214644098753344116e+11
9.481908380694904785e+11
3.920980244523871460e+11
9.791020696045267334e+11
4.070588066610547485e+11
3.704540037758184204e+11
3.031793647108128052e+11
6.179974355512711525e+09
7.016901972303922119e+11
6.521478195027369385e+11
5.999575209493016357e+11
6.083570663234052734e+11
3.961435913435771484e+11
9.658351578163649902e+11
9.299524945745408936e+11
3.355371501228851929e+11
8.999137582065212402e+11
9.550118666137154541e+11
8.216487946980516357e+11
4.710041083472483521e+11
8.980948361995991516e+10
1.429322147360555420e+11
7.448053983053734131e+11
7.355236495572886963e+11
2.726758094527737122e+11
3.292561707032511597e+11
4.995651199685929565e+11
8.058994444400025635e+11
2.764282049510947266e+11
4.700436000845664062e+11
2.985742728759724426e+10
3.748385097425090942e+11
9.595186571558433838e+11
9.153749711121700439e+11
1.777548161173388977e+11
9.577423991838720703e+11
2.902738944506338501e+11
9.685019487928419189e+11
1.451125678652322083e+11
7.681166845479655762e+11
3.239119451556054306e+10
7.720062733956453857e+11
1.564143367026387634e+11
3.276571754521943970e+11
4.059174773060123291e+11
7.792660730994716797e+11
4.208284111077100220e+11
5.794542013552568359e+11
1.080671028195544281e+11
