2.486549576874901733e+11
7.275849052065604248e+11
5.069916802264301147e+11
3.138885748915292969e+11
8.295260223287548828e+10
3.681334103706114502e+11
3.188808170814517822e+11
7.987614814238310547e+11
9.185687638514189453e+11
4.830908901979483643e+11
6.515239193097137451e+10
5.332531799056772461e+11
3.526669790973901367e+11
2.740610549175248108e+11
3.237403271263935547e+11
8.925454801501833496e+11
1.967573608844290771e+11
6.738626809883685303e+11
9.970044929758920898e+11
7.237892065075526428e+10
4.012728995166709595e+11
7.625909886258826904e+11
3.141671744108651123e+11
4.921736520205025635e+11
1.902325622936597900e+11
9.308991860321260986e+11
5.298372886247126465e+11
9.546238674376848145e+11
3.442598798871623535e+11
4.172351486579533081e+11
3.233522985823659058e+11
7.951098213199622803e+11
2.636719942121668396e+11
5.523680888839528809e+11
7.632315818371871338e+11
8.459161477851531982e+10
1.463264606433724365e+11
2.851052064437684937e+11
3.676180739602781372e+11
7.652579036974212646e+11
4.004982930766817017e+11
1.232676431942118988e+11
3.711068593521743164e+11
1.763140458630896301e+11
4.431269288534635010e+11
6.187785567538804626e+10
4.775279119792048340e+11
2.735410126568606262e+11
7.029806977386132812e+10
2.701429783535366211e+11
8.408938466834368896e+11
6.530155426516571045e+11
5.192392943642587891e+11
2.025876288319272156e+11
9.848970281288452148e+11
2.270406260200571442e+10
3.180560385528482819e+10
7.299236829161174316e+11
6.147297345747640381e+11
1.825007491893126221e+11
9.535789657735560303e+11
6.950829889313773193e+11
2.749614050149216919e+11
4.880193742500922394e+10
8.766112297476776123e+10
2.252416791167097168e+11
4.037891506863286133e+11
6.118222741342014160e+11
2.270235059282891541e+11
1.238959952721827850e+11
7.156247057159395752e+11
2.333633466997185059e+11
8.470186505226856689e+11
2.706563384659981537e+10
6.222530125215939941e+11
2.577358413895276184e+11
2.071634838632945557e+11
3.089917982576146851e+11
8.294822629020836182e+11
2.912365504483414917e+11
9.388964197090980225e+11
4.724652782283374023e+10
2.043219682896452026e+11
1.454351398095315247e+11
7.569703475465048828e+11
9.172972804283619385e+11
9.615762106149451904e+11
9.877064778399485779e+10
4.806913456100958252e+11
9.089806382668524170e+11
3.820924470636254883e+11
2.628863014942354431e+11
7.936901703250634766e+11
8.546803476861831055e+11
2.442692964389591064e+11
8.107901315676578369e+11
8.848674892850693359e+11
5.643374636400422363e+11
9.150969122762503662e+11
5.655698471937474365e+11
