2.048965100557497864e+11
2.485949620534883118e+11
8.359001582254442139e+11
1.738508581964271240e+11
3.314751373378607788e+11
7.339734989324041748e+11
2.907074933697365112e+11
3.377148835627370605e+11
8.805871482121041870e+10
3.278398466648756714e+11
9.293833435211914062e+11
7.889765841510424805e+11
4.291304725428045654e+11
3.557407733874005127e+11
6.526433835881293945e+11
9.881313261787915039e+11
3.997130259773708344e+10
4.158917249960342407e+11
4.705393921419667969e+11
4.142838347625958252e+11
6.410123159550823975e+11
4.867887128775147247e+10
6.435848668628632812e+11
8.962586587227893066e+10
7.848852753294727783e+11
2.507286281662924805e+11
8.340370654819577637e+11
8.080437991434696045e+11
8.042938739331553955e+11
4.171587251468823242e+11
1.944075717334219360e+11
1.102337780482048187e+11
4.612631237811909790e+11
1.328194658864333191e+11
1.693307470797595825e+11
3.366764366976469727e+11
3.620800395656856689e+11
7.466533179580516357e+11
4.561877738429733887e+11
1.912300348548658752e+11
1.467731711042637024e+11
1.960794796541757202e+11
9.754481576643234863e+11
6.271562322999061279e+11
5.625032369542116699e+11
8.781381101410971680e+11
4.327206945723263550e+11
8.098845060361250000e+11
3.271577892462814331e+11
6.959314964795175781e+11
1.674782421200278931e+11
5.603378248338959961e+11
4.461455590495108032e+11
6.649665294604782715e+11
1.538580107826857300e+11
1.320410594135817871e+11
7.331164040631827393e+11
7.082031180298067627e+11
5.464368133684119263e+11
9.300778776583649902e+11
3.546358522421306763e+11
4.187151195805144043e+11
5.052605306139396362e+11
3.173748877218820190e+11
8.651279290741101074e+11
2.699721465360646667e+11
4.350600495599307861e+11
8.392709548744792480e+11
7.135294238127561035e+11
8.999657859621309814e+11
5.864851536318453369e+11
9.294544760009636230e+11
5.211875934706719208e+10
9.086303449103662109e+11
2.166279157022180786e+11
8.454059899167142334e+11
6.610095432090900879e+11
5.631510134043465576e+11
3.341450357612038574e+11
4.202872444789685669e+11
2.718751505788872681e+11
8.218926864210690918e+11
5.853045759798986816e+11
3.888218789459806519e+11
4.196268220984457397e+11
6.064251010308957520e+11
5.913950704983315430e+11
4.729409987698919678e+11
7.744202360951257324e+11
6.247860465724208984e+11
7.377929138501014404e+11
5.221990211505163574e+11
3.091378811031975098e+11
3.805185688953760376e+11
9.941737433256687012e+11
8.485096610366726685e+10
1.379416755944898682e+11
8.056287891522475586e+11
4.364751810794676208e+10
1.925919999349146729e+11
