5.046877307968971558e+11
2.972376116800133667e+11
1.137017296101501312e+11
1.279268189477995453e+11
6.995664616228836670e+11
3.252593038668581543e+11
7.152741727836724854e+11
6.969346683715778809e+11
3.636269304359274292e+11
3.172692655366114502e+11
8.504952377212170410e+11
1.685285329347677917e+11
3.563361286964108887e+11
4.458424386985372925e+11
4.645606699686526489e+11
1.378814782515942688e+11
8.500116019338995361e+11
6.363806256962360840e+11
9.295995939560577393e+11
1.849478266185801392e+11
6.316062833255922852e+11
2.987471437401252441e+11
1.110987153883205566e+11
9.601258517896861572e+11
7.475658967959683838e+11
8.134146657196507568e+11
9.561086742915426025e+11
8.254951914794312744e+11
2.118667016886218567e+11
8.944798892976966553e+11
9.665973104432175293e+11
4.048750256924679565e+11
8.914448563595076904e+11
8.409797994506350098e+11
9.324485303201937866e+10
9.978748543823260498e+11
4.293822699692229004e+11
3.904264968545395660e+10
8.756468739647847900e+11
2.399289198105449829e+11
6.575474060490302734e+11
2.024919745500972748e+10
9.755438245668618774e+10
7.833108219870529175e+10
9.473518604734929199e+11
2.865936936137264404e+11
6.341251537930456543e+11
1.373390292874852142e+11
1.236412502671883698e+11
6.618867663183824921e+10
9.699912481382127686e+11
8.146640780952667236e+11
4.973141387033023071e+10
7.349891740326995850e+11
8.350965635130514526e+10
9.991282943333155518e+11
7.171906997005473633e+11
6.522541015769669189e+11
2.580343188384060974e+11
2.753291832201165161e+11
9.608841349874835205e+11
8.627632071567088623e+11
6.695533532355164795e+11
6.535351654846516113e+11
4.710528578667371368e+10
3.207916916270549927e+11
1.598096589524851990e+11
7.965457001678249512e+11
2.318848809081836548e+11
3.354967625060484619e+11
1.889243696486029968e+11
9.090277558015278320e+11
6.873203673180166016e+11
2.053262191674468384e+11
6.706197806895942383e+11
5.487270517017185059e+11
9.606635798849832764e+11
2.728363547488471069e+11
1.945026552630862122e+11
5.486565790733647461e+11
1.336365296495314941e+11
1.197534357749084473e+11
5.915003310661937256e+11
6.270740216215844154e+09
9.060704509429304199e+11
2.550233490802641602e+11
7.743525053088598633e+11
5.043739975032000122e+11
3.980896733245354614e+11
1.482202085774470215e+11
9.187497636028345947e+11
7.519840456910148926e+11
6.604753579787692871e+11
5.247430096958157349e+11
3.982250457923778687e+11
9.489157592495551758e+11
6.146611496630612793e+11
7.245072001920688477e+11
2.017833586677889404e+11
7.948522791108046875e+11
