1.426179823472321777e+11
9.238033110070970459e+11
9.066208909048601074e+11
3.976431665963875580e+10
7.085125451146428223e+11
9.062189909316062012e+11
7.404948739439767456e+10
2.244490013091616211e+11
5.378636521947916870e+11
7.633246321720355225e+11
6.949712563474777222e+10
6.953197546295067139e+11
4.440670107328539276e+10
6.666363655046707764e+11
4.539970151707416382e+11
8.041398012795262451e+11
2.370490969820735474e+11
8.021324866105114746e+11
6.147068107353206787e+11
6.781931669216019287e+11
8.439608292206179810e+10
7.944369819959913635e+10
9.824353168533425293e+11
5.762551410320634766e+11
5.339794834375145874e+11
2.316351404987121964e+10
5.090133581242320557e+11
1.348948895077151337e+11
2.237035453262753601e+11
1.458034356136922302e+11
2.996483406575028076e+11
1.601111661606032715e+11
1.863473056628430481e+11
9.806404478512015381e+11
9.264369832887993164e+11
2.320331936245723267e+11
5.023670985855165405e+11
8.179714617387472534e+10
4.598557394933504639e+11
6.417797008533851318e+11
7.052878765260338135e+11
7.561153862698304443e+11
9.112920394830582275e+11
2.169726509358333740e+11
5.183885223570732422e+11
3.145218244037112427e+11
4.983863646658348999e+11
6.623728233483665771e+11
1.161441187266318970e+11
1.320399037611992188e+11
5.695306510546000977e+11
1.702003302582150269e+11
1.660305784007139397e+10
2.209539522053529358e+10
4.697470393578948975e+11
9.403182249004924316e+11
3.337787870821901703e+10
9.275320583101545410e+11
4.419285964266182861e+11
3.427588180963457642e+11
9.586975485630722656e+11
2.614519493757782288e+11
1.141832176284272766e+11
6.214378409072988281e+11
2.816885492283743668e+10
7.473860029936213379e+11
5.196618076110197144e+11
4.328685675999893188e+11
5.091350080427241821e+11
4.719844747138891602e+10
7.493268568138714600e+11
8.007460299280366516e+10
1.752137448495776367e+11
3.057717823102701416e+11
1.354966350337361908e+11
4.561059349274678955e+11
7.520786113232150879e+11
8.139605546871965027e+10
4.010694742803962402e+11
2.584348234036290588e+11
9.119034770616072083e+10
8.160522809450300598e+10
1.300186922218398285e+11
9.975458751989575195e+11
1.900345657910685425e+11
8.229407646091558838e+11
3.739388071963114624e+11
8.735179748488244629e+11
7.790700193915179443e+11
7.101412074422823486e+11
7.736546082779864502e+11
6.318523109359299316e+11
1.282578803965640411e+11
3.536577001427976074e+11
5.564432112408851318e+11
6.220592980024382324e+11
4.490497727277636719e+11
2.184551114905693359e+11
3.731796663323580933e+11
4.019136616030515137e+11
