6.327359715576691895e+11
2.317137588923617859e+11
9.472347847036169434e+11
1.113437987716803589e+11
7.448741270236461182e+11
4.796405502997466431e+11
7.813990673439677734e+11
5.658492101119630127e+11
5.437543528754451904e+11
8.462157446730930176e+11
1.774020015012611084e+11
8.614517673334272461e+11
7.033963758058734131e+11
3.696472456731130981e+11
3.699743744299551392e+11
8.885777284188918457e+11
9.693444587026215820e+11
8.298289573839094238e+11
6.994737776099151611e+11
7.192616101794310303e+11
8.754559037640374756e+11
7.811681386693951416e+11
6.423263480056220703e+11
4.371142459560814209e+11
7.601534981311369324e+10
8.528444638133381348e+11
4.728762665623399048e+11
7.388890164502301025e+10
1.500905280642924805e+11
9.211703830653032227e+11
2.468639331932770081e+11
5.618542621725550537e+11
8.379214109526248779e+11
4.101615825058510742e+11
1.517871651852571411e+11
7.913158014260112305e+11
8.043805429571441650e+11
9.990852813561068115e+11
3.033332106724729004e+11
2.897776156848399658e+11
8.042325090064456787e+11
7.336845567525139160e+11
1.774787100563204041e+11
8.857581928501567383e+11
1.960029995846087341e+11
2.278093170584936523e+11
5.464466448038247681e+11
9.958599205320153809e+11
6.784290933175144043e+11
5.224478316470189667e+10
5.125164401230147705e+11
7.874043020909439697e+11
4.624830370322036743e+11
8.836284486414708252e+11
6.773463385720483398e+11
7.300705622176762695e+11
2.663676035750854797e+11
4.829532606559531250e+11
1.770893403704239197e+11
1.617968893657899475e+11
1.060392014867523956e+11
1.953275122756524658e+11
7.776976906995404053e+11
8.234512688116038818e+11
1.489715013182630310e+11
7.111445900915828857e+11
2.089906526403871765e+11
5.217382692799887695e+11
7.192364766019976807e+11
6.681112953797083740e+11
4.909308902273727417e+11
2.433785873620368958e+11
3.837805265747714233e+11
3.775775571944782104e+11
1.610320709179386597e+11
9.009771075483708496e+11
1.040782094758648529e+11
1.957810993039502563e+11
2.320576221425852966e+11
4.801305762421356964e+10
2.804601984777742920e+11
1.200881244446571655e+11
4.729865754253231812e+11
8.391303700975966797e+11
3.080989877500752563e+11
3.496131557465463257e+11
7.583603775895908203e+11
6.027654750920664062e+11
1.001065871545328522e+11
5.919100032253165283e+11
2.024027200163902588e+11
7.146644131207485352e+11
2.587510895775353088e+11
3.990196747848361206e+11
5.111006278007406616e+11
6.977290353964957275e+11
1.331798437027760925e+11
4.184944312955446167e+11
1.633270360277938538e+11
9.094084107708123779e+10
