1.625546341441644897e+11
9.535198128248338318e+10
8.367279584069241943e+11
5.427211553368928909e+09
9.034709597697763672e+11
9.887852673538905334e+10
2.103162529275372925e+11
3.362831861865426636e+11
4.703054310545430298e+11
9.586939821248670654e+11
2.457116245864764023e+10
8.956963265166735840e+11
4.671611146854302368e+11
2.911702540809835815e+11
8.837847398318663330e+11
4.439659274404995117e+11
1.089403744290850983e+11
9.781579227444337158e+11
9.054304351192770004e+09
9.955908682652899170e+11
1.065496897253629913e+11
3.068258456623641968e+11
4.874728956687048340e+11
1.869236775249690247e+11
8.645419192739334717e+11
4.936396932981905518e+11
2.355656569805453491e+10
3.025511219330665283e+11
8.331544814873786621e+11
2.961605436847808228e+11
4.720406355752888794e+11
6.372333307564006805e+10
4.504294010250541382e+11
1.588715672422773743e+11
5.834111155103638916e+11
9.120289606742823486e+11
2.304142819926167908e+11
1.909466686444507599e+10
6.441617258175280762e+10
1.922836208165364075e+11
8.060811962621105957e+11
4.077625623499871216e+11
7.952730809401628418e+11
7.828930360829887695e+11
9.154468095562735596e+11
2.628173633264828491e+11
7.344743301329415283e+11
4.898342773687181396e+11
8.854686249894685059e+11
4.597770822135725098e+11
6.498247888022723389e+11
9.226872878259753418e+11
6.448952436126876831e+09
5.031425164675335083e+11
3.394859302056275024e+11
1.149509368974299469e+11
1.533408759971822815e+11
4.861195917315414429e+11
1.995390492635451355e+11
9.137100766675970459e+11
3.709541069800428467e+11
7.980871418798764648e+11
2.618369424707493591e+10
1.044549178612238922e+11
4.669892399129873657e+11
5.571252859808696289e+11
3.186726996958717651e+11
2.432867141666418152e+11
7.760988195214372559e+11
7.560042711130601807e+11
9.099898384021718750e+11
5.405074433716876221e+10
2.055825625472331238e+11
7.274836170448264160e+11
4.249191788232305908e+11
7.557295067061000977e+11
4.951198731400603027e+11
4.381144924082727051e+11
5.873561007549353027e+11
7.175552760410053711e+11
4.240950912768239594e+10
5.709586543032020264e+11
8.848495781568347168e+11
6.669015739355054932e+11
4.949888224912594604e+10
4.284916988178759155e+11
9.720912701829954834e+11
5.648450928157326660e+11
7.781987512929935303e+11
9.769194262735621338e+11
1.078559554410501709e+11
9.344000956697916260e+11
7.198929597762757874e+10
8.843168249074803162e+10
7.407251455444970703e+11
6.903985622587860107e+11
7.549474032637716064e+11
1.763370752001616211e+11
8.260583360645399170e+11
6.818975748761517334e+11
