6.267085597005786133e+11
4.929179295279438477e+11
3.208741351473164673e+11
2.810576061096455688e+11
1.491822508143996582e+11
2.947553860901632080e+11
6.117329418648166504e+11
2.963522331064405518e+11
1.095006620971642303e+11
8.568251347618323975e+11
7.596732337001450195e+11
7.342077861718187256e+11
4.895080910859224243e+11
6.179574166867553711e+11
3.591725474361192322e+10
5.091691031614948273e+10
3.512768037193676758e+11
8.110283620400476074e+11
1.332799340255340271e+11
2.298032502242557678e+11
7.800057450468951416e+11
5.640443670788400879e+11
2.650369979612100525e+11
1.756776064444643860e+11
8.924235161387879639e+11
6.914749826370148926e+11
7.196892282575616455e+11
6.991319669050595703e+11
6.231573769191166687e+10
3.755508760466734009e+11
9.106270451949916077e+10
5.719750561318391113e+11
6.112138619803315430e+11
1.559269732053225403e+11
5.321860011967602539e+11
4.903993599628603516e+11
9.649683533983848877e+11
7.554094827933646240e+11
2.656890495740138550e+11
1.616479293692573242e+11
4.065373340888134766e+10
8.326962337149683838e+11
9.261996057692496338e+11
1.284020031213321686e+11
9.466347804120952148e+11
3.861516536226521606e+11
6.838214888953569336e+11
3.377562868628933716e+11
7.146421472152895508e+11
2.805514281371287842e+11
2.287366972401120300e+11
8.102388132751250000e+11
9.741549692729984131e+11
3.431631130033490601e+11
5.695434146219924316e+11
6.298971207757562256e+10
8.562360186645156860e+10
3.228362129049360352e+11
7.817863324627359619e+11
8.571803777097886963e+11
1.594185670161598816e+11
4.224142260190825806e+11
6.410638224749135742e+11
3.402622966054832458e+10
6.188343507303731689e+11
7.328547300021813965e+11
7.998203781226192627e+11
1.410282882074518127e+11
7.899658217133769531e+11
1.590503916519605103e+11
3.410799086442659912e+11
9.761739054380971680e+11
7.018897213268704224e+10
1.330704007621936340e+11
4.800066925576373291e+11
3.349755668261167603e+11
8.902751138790095215e+11
1.023921869439963074e+11
9.036087880507945557e+11
4.084913845680418701e+11
1.536316413942500610e+11
4.797517211776568604e+11
7.798141417965462646e+11
3.180760582271669312e+11
4.942650782246782684e+10
8.364043849332355957e+11
7.761852563903389893e+11
6.005432751580999756e+11
4.045698206185957031e+11
1.533725883018844414e+10
8.545556727879632568e+11
6.231576150764472656e+11
2.645840315768525085e+11
1.480993500863138428e+11
5.738701297686478271e+11
3.926758887326045532e+11
1.102643678722783356e+11
1.968315078912155457e+11
9.933887776247384033e+11
8.551531465279748535e+10
