1.010988945500918579e+11
9.123854615661342773e+11
5.909977307325703125e+11
1.460130207519595337e+11
2.700157477408300476e+11
7.805390384651766777e+09
1.079614137092483673e+11
5.194370615267845459e+11
4.320655455331912842e+11
6.029722507227475586e+11
3.854181172320294189e+11
3.798545091488021240e+11
6.024713130015356445e+11
5.594466808906065674e+11
4.451773178283836060e+11
5.547182435271522217e+11
8.817098865164064026e+10
4.060136646773991089e+11
6.414555374611097412e+11
5.974102340461677246e+11
8.501278742496356964e+09
2.243879606093159790e+11
8.883909485786335449e+11
6.273138588166617432e+11
1.286864465712007751e+11
7.885816838881596680e+11
4.121552830816384888e+11
3.165979250381610107e+11
2.950389435776290283e+11
9.825403596209709473e+11
8.367602140616269531e+11
2.205678315429674988e+11
1.226227062441208344e+11
7.092800368042120361e+11
5.435007949841182709e+10
1.574750823813456421e+11
6.843238258528660889e+11
7.903105074785073242e+11
6.079944673721274414e+11
5.029183792058298340e+11
6.797124550435184479e+10
7.898285995301310730e+10
8.960618448855191650e+11
9.523322541066459961e+11
6.230978070333723145e+11
1.172034921681194916e+11
5.508054027797049561e+11
6.654554988456500244e+11
4.047859023045189819e+11
9.386157002677006531e+10
8.837495142625795898e+11
2.984609539331698608e+11
9.799723274323771973e+11
9.279636687284858398e+11
4.560360899788471069e+11
2.837625554496097412e+11
4.623058104376110229e+11
1.975868679773750610e+11
7.492235280017683105e+11
5.269076257694431305e+09
1.065276294255721130e+11
9.996166233924031982e+11
8.787907874288293457e+11
3.997279736061090698e+11
3.931633061125594482e+11
9.231793532450039062e+11
4.772886519982369995e+10
2.431136128456470490e+10
2.309031819874212646e+11
5.052829469437780762e+11
7.248880434068453369e+11
1.538270157938875198e+09
2.339683695279578247e+11
9.878247581950352783e+11
8.091977767968125000e+11
3.833862815693689575e+11
5.646423084968251953e+11
4.109069996776912842e+11
7.009830078869840088e+11
7.806601819419337158e+11
9.196886527509864502e+11
3.197419849009526367e+11
7.062990948195629883e+11
7.993994130537883301e+11
5.570322829772304688e+11
1.835104485660563965e+11
3.955645608812618408e+11
7.541304413264821777e+11
3.186573767258206940e+10
9.985398927015731201e+11
8.024285193425281982e+11
7.658225675170323486e+11
1.121929097157413177e+11
4.627807437300396118e+11
1.740216061481072083e+11
1.760870366244309387e+11
5.105181534754903412e+10
5.549550192129957275e+11
3.401197814207585449e+11
3.570410875634818726e+11
