4.129072634506880493e+11
2.298485528270024109e+10
9.991526662648094482e+11
8.248490566296129150e+11
6.940709713553852539e+11
6.397763354197242432e+11
3.831290414420235596e+11
2.503599453191145630e+11
8.567823190146343994e+11
3.846563412826248646e+09
8.899811393249041748e+11
8.091493635346160889e+11
5.847476621535056152e+11
7.903856725543739014e+11
2.080615986728979797e+11
4.674048951507236328e+11
9.680907267502152100e+11
7.311658134218542480e+10
3.845339306799127808e+11
3.688883982127409668e+11
4.144086335298953857e+11
7.316410994476761475e+11
8.518583743775870361e+11
6.036750330851868896e+11
7.201384904643708496e+11
7.561891959909263916e+11
3.877608701746312866e+11
8.996453276868337402e+11
5.056493584720787964e+11
1.033746179847222595e+11
9.510167441370382690e+10
9.432527824183808594e+11
1.487201379480857544e+11
1.476412369006454659e+10
9.279261736138972168e+11
3.835424606176203613e+11
1.360440485373562775e+11
8.678576401338238525e+11
4.749285593967603149e+11
8.141644104872884521e+11
2.089500947417328796e+11
2.963014375842203979e+11
7.021542930208232422e+11
1.737753343399254150e+11
6.871153690879919434e+11
6.432691405790806885e+11
3.907167128169062500e+11
5.276864601386498413e+11
7.359283494249053955e+11
7.964241196023742676e+11
9.013169186974906006e+11
1.247584124418464088e+10
1.106752841703132782e+11
9.093256655945760498e+11
5.692696933407038574e+11
2.312073530603660583e+11
6.771546980769122314e+11
7.200924440274219971e+11
4.477975879748156738e+11
6.036717073073861084e+11
1.621367753443040161e+11
6.540233040210675812e+10
6.094169831680915527e+11
3.834175712553899536e+11
3.873029850976199341e+10
8.553641980518273926e+11
8.535614298209279785e+11
7.244481635930012207e+11
5.977614051281192627e+11
8.123773026270219727e+11
9.888880310946260986e+11
9.038105777798286133e+11
8.651318079850274658e+11
7.446601792783380127e+11
6.515114737684365234e+11
2.448872313694949036e+11
2.831544375126808472e+11
8.254116707099365234e+11
5.876635144514409180e+11
9.301834724860942383e+11
3.551098255116658936e+11
3.111077119880356216e+10
7.313309367074630127e+11
4.271754551453011475e+11
6.948315747211380615e+11
6.185936984248797607e+11
9.674593422349565430e+11
7.937077834670051270e+11
1.068841548295322266e+11
8.572609672753448486e+11
4.699623076746971130e+10
8.999208014675897217e+11
4.831245076961539307e+11
1.809748031186097107e+11
7.814438620737614746e+11
5.977107267193869629e+11
3.134583199202944946e+11
2.243181333855321655e+11
9.980506372049383545e+11
8.902785122098714600e+11
