3.500168749602871704e+10
7.677497515026145020e+11
4.654062882600598145e+11
5.268836029019027710e+11
7.928615469356290283e+11
3.370496372457290649e+11
7.264097076524107666e+11
6.190290203094104004e+11
9.046036098482601318e+11
6.666647178349816895e+11
9.119345395645960693e+11
6.447734394894158936e+11
1.857087489751348267e+11
3.406963375557202148e+11
6.780961541420499268e+11
2.921578052207045288e+11
2.509895607659243164e+11
4.599910184010639038e+11
7.544247911745573730e+11
4.901650989007322388e+11
7.900207611743909912e+11
6.095749400088125610e+10
7.135329087708057861e+11
6.132593238481741943e+11
1.353199924570600891e+11
6.328342738589215088e+11
5.264743300844345703e+11
6.422765966190460205e+11
8.515431119236773682e+11
4.635158647323556519e+11
8.363437369139300537e+11
3.218935700459237671e+11
2.067077612640700073e+11
7.147307839115347900e+11
1.200377708490051270e+11
8.681477238539207764e+11
8.152479582327625732e+11
7.181906959503798828e+11
5.446356503423441162e+11
2.895267180607013550e+11
4.165724724593390503e+11
6.297830238989365387e+10
5.655264124514968262e+11
3.383939046995214462e+10
7.099348345329295654e+11
6.867223066540211182e+11
4.373634006835494232e+10
6.722115962280437012e+11
4.371045349455942993e+11
5.431647629168425293e+11
2.705273980938406982e+11
4.544302354776892700e+11
8.253614436652290039e+11
4.092667349941987305e+11
8.490315157296063232e+11
8.784279906267741699e+11
7.189735843697949219e+10
4.511904269927659302e+11
2.958697596585923462e+11
7.895407679433066406e+11
7.044269467486831055e+11
1.608417599366092529e+11
6.773418957121501465e+11
3.382295831635433960e+11
9.685489407102409668e+11
1.109231837291886444e+11
1.090730782323073578e+11
8.022201016963950195e+11
5.369825896461915283e+11
2.990889153619127808e+11
7.501315329493352051e+11
5.176518080983116455e+11
2.745293525050999756e+11
2.352536571518462219e+11
5.890901717656256104e+10
3.141789753251214600e+11
7.702265196975355225e+11
7.152247991749827576e+10
7.592656709905024414e+11
6.925809494152772522e+10
7.854679666294322510e+11
6.240922897266057129e+11
2.674992967970708313e+11
9.311000317430865479e+11
8.391020211299364014e+11
8.083462433927834473e+11
6.299086998221795654e+11
8.888590120883020020e+11
1.665449180087182922e+11
2.547601297651658936e+11
3.414888949815060425e+11
6.267030422558924866e+10
1.101153684407031708e+11
6.424540649627994385e+11
5.491314468125612183e+11
8.834522362608050537e+11
7.231896520151109619e+11
3.407605198359948730e+11
7.451602603371138916e+11
6.512106118334838867e+11
