6.613512805458685303e+11
6.128673541542983398e+11
5.582798079026884766e+11
7.508881829163895264e+11
9.926192306513532715e+11
3.663610358499771881e+10
9.401162774312351074e+11
1.186598028995056610e+11
9.476305396668112183e+10
9.104556260979936218e+10
8.140282191534584961e+11
9.979638450821026611e+11
4.534061806771126099e+11
4.562533122589044800e+11
1.043329022929953194e+10
8.432215256092862129e+09
3.731828072727119141e+11
1.192094914944086761e+11
5.436710308617837524e+11
7.056160600547683105e+11
5.626077197981443024e+10
6.830362368630718994e+11
9.622583543505118408e+11
2.520293874912613831e+11
9.792557709581000977e+11
4.338856135382835083e+11
6.846851689067427979e+11
6.677754157218558350e+11
8.398460910038646240e+11
3.777379558655836792e+11
1.216491376491907654e+11
6.208338345512053223e+11
1.150274757793030701e+11
3.371220729741776733e+11
7.959512527642190552e+10
4.398149997427669067e+11
5.849103151926281738e+11
9.635456687465493164e+11
4.914585255848767700e+11
2.426491825497365112e+11
7.041571665267087402e+11
3.966994503911638184e+11
9.654928391644204102e+11
6.524917331019212646e+11
2.944390752058825684e+11
8.073993409662056885e+11
2.583763038466575317e+11
2.286866853400144958e+11
1.438018157725329285e+11
7.751172978010037842e+11
2.525681808749364014e+11
2.271865659500741272e+11
1.130600643660111084e+11
7.564188766385462646e+11
8.930340473472290039e+11
8.195245829794357910e+11
2.603123461514197540e+10
4.442063888849677734e+11
1.528179622900512695e+11
6.027962678763790131e+10
8.146499569196595459e+11
7.689390445224851074e+11
9.983204885821843262e+11
9.755012644015535889e+11
3.546668239940025635e+11
8.677258759829826355e+10
7.184851912784421387e+11
5.541067368913776855e+11
6.813481464691047363e+11
8.221126152289145508e+11
2.101167424874784241e+11
6.783229291150272217e+11
4.877109215392015381e+11
6.102473591225672607e+11
1.661663204103823242e+11
8.063026175739947510e+11
9.844397797249420166e+11
3.654056757221103516e+11
7.227730116742751465e+11
5.865903380165490723e+11
1.900575925816330566e+11
7.937080423233726807e+11
9.108855195253787842e+11
6.389368535131083984e+11
2.080030328780567169e+10
4.912175395806867676e+11
2.299039312941806641e+11
6.413268107860942383e+11
2.662053343263473511e+11
1.217160726873276367e+11
1.780547791396623230e+11
6.040630858282711182e+11
6.650551293591584473e+11
2.890851517267556763e+11
7.639930194537416992e+11
2.784343818667413330e+11
9.150852218800195312e+11
3.629472021692236938e+11
1.055295971498527374e+11
5.008026506105395508e+11
